233
9000221					
2					
0.6666	2	211	-211		
0.3333	2	111	111		
310					
2					
0.308	2	111	111		
0.692	2	211	-211		
221					
4					
0.3268	3	111	111	111	
0.2292	3	211	-211	111	
0.0422	3	211	-211	22	
0.3941	2	22	22		
213					
1					
1	2	211	111		
113					
1					
1	2	211	-211		
223					
3					
0.899	3	211	-211	111	
0.085	2	111	22		
0.016	2	211	-211		
331					
5					
0.429	3	211	-211	221	
0.291	2	113	22		
0.222	3	111	111	221	
0.0275	2	223	22		
0.022	2	22	22		
9010221					
2					
0.6667	2	211	-211		
0.3333	2	111	111		
9000211					
1					
1	2	221	211		
9000111					
1					
1	2	221	111		
333					
4					
0.489	2	321	-321		
0.342	2	311	-311		
0.1532	3	211	-211	111	
0.0131	2	221	22		
10223					
3					
0.3333	2	213	-211		
0.3333	2	113	111		
0.3333	2	-213	211		
10213					
1					
1	2	223	211		
10113					
1					
1	2	223	111		
20213					
2					
0.5	2	213	111		
0.5	2	113	211		
20113					
2					
0.5	2	213	-211		
0.5	2	-213	211		
225					
6					
0.5647	2	211	-211		
0.2823	2	111	111		
0.071	4	211	-211	111	111
0.023	2	321	-321		
0.023	2	311	-311		
0.028	4	211	211	-211	-211
20223					
12					
0.22	4	111	111	211	-211
0.11	3	211	-211	113	
0.12	2	9000211	-211		
0.12	2	9000111	111		
0.12	2	-9000211	211		
0.1067	3	221	211	-211	
0.0533	3	221	111	111	
0.0225	3	321	-321	111	
0.0225	3	321	-311	-211	
0.0225	3	311	-321	211	
0.0225	3	311	-311	111	
0.055	1	113			
100221					
2					
0.6667	3	221	211	-211	
0.3333	3	221	111	111	
100211					
2					
0.5	2	211	113		
0.5	2	111	213		
100111					
2					
0.5	2	211	-213		
0.5	2	-211	213		
215					
5					
0.3505	2	213	111		
0.3505	2	113	211		
0.145	2	211	221		
0.105	3	223	211	111	
0.049	2	321	-311		
115					
6					
0.3505	2	211	-213		
0.3505	2	-211	213		
0.145	2	111	221		
0.105	3	223	211	-211	
0.0245	2	321	-321		
0.0245	2	311	-311		
10221					
2					
0.6667	2	211	-211		
0.3333	2	111	111		
9000213					
1					
1	2	221	211		
9000113					
1					
1	2	221	111		
9020221					
14					
0.05	3	321	-321	111	
0.05	3	321	-311	-211	
0.05	3	311	-311	111	
0.05	3	311	-321	211	
0.05	2	321	-323		
0.05	2	-321	323		
0.05	2	311	-313		
0.05	2	-311	313		
0.1333	3	221	211	-211	
0.0666	3	221	111	111	
0.2	2	9010221	221		
0.0667	4	211	-211	211	-211
0.0667	4	211	-211	111	111
0.0667	4	111	111	111	111
100223					
3					
0.3333	2	213	-211		
0.3333	2	113	111		
0.3333	2	-213	211		
20333					
4					
0.25	2	321	-323		
0.25	2	-321	323		
0.25	2	311	-313		
0.25	2	-311	313		
100113					
1					
1	2	211	-211		
100213					
1					
1	2	211	111		
10211					
3					
0.3333	2	211	221		
0.3333	2	211	331		
0.3334	2	321	-311		
10111					
4					
0.33333	2	111	221		
0.33333	2	111	331		
0.16667	2	321	-321		
0.16667	2	311	-311		
100331					
4					
0.25	3	321	-321	111	
0.25	3	311	-311	111	
0.25	3	321	-311	-211	
0.25	3	-321	311	211	
9030221					
8					
0.02	2	221	331		
0.05	2	221	221		
0.24	4	111	111	111	111
0.24	4	211	-211	211	-211
0.24	2	211	-211		
0.12	2	111	111		
0.045	2	321	-321		
0.045	2	311	-311		
335					
5					
0.444	2	321	-321		
0.444	2	311	-311		
0.103	2	221	221		
0.003	2	111	111		
0.006	2	211	-211		
10225					
10					
0.1	2	115	111		
0.1	2	215	-211		
0.1	2	-215	211		
0.1	2	321	-323		
0.1	2	-321	323		
0.1	2	311	-313		
0.1	2	-311	313		
0.1	2	10111	111		
0.1	2	10211	-211		
0.1	2	-10211	211		
30223					
6					
0.1111	2	213	-211		
0.1111	2	113	111		
0.1111	2	-213	211		
0.2222	3	223	211	-211	
0.1111	3	223	111	111	
0.3333	2	223	221		
9010113					
6					
0.1666	2	213	-211		
0.1666	2	-213	211		
0.1666	2	10213	-211		
0.1666	2	-10213	211		
0.1666	2	331	111		
0.1666	2	20223	111		
9010213					
6					
0.1667	2	113	211		
0.1667	2	213	111		
0.1667	2	10113	211		
0.1667	2	10213	111		
0.1666	2	331	211		
0.1666	2	20223	211		
227					
5					
0.1667	2	213	-211		
0.1667	2	113	111		
0.1667	2	-213	211		
0.1666	3	223	111	111	
0.3333	3	223	211	-211	
10115					
10					
0.535	2	225	111		
0.135	2	211	-213		
0.135	2	-211	213		
0.078	2	9000221	111		
0.057	2	10221	111		
0.01	2	321	-323		
0.01	2	-321	323		
0.01	2	311	-313		
0.01	2	-311	313		
0.02	2	223	113		
10215					
8					
0.535	2	225	211		
0.135	2	211	113		
0.135	2	111	213		
0.078	2	9000221	211		
0.057	2	10221	211		
0.02	2	321	-313		
0.02	2	323	-311		
0.02	2	223	213		
100333					
4					
0.25	2	321	-323		
0.25	2	-321	323		
0.25	2	311	-313		
0.25	2	-311	313		
217					
7					
0.59	4	211	211	-211	111
0.12	2	223	211		
0.237	2	211	111		
0.012	3	321	-321	211	
0.012	3	311	-311	211	
0.012	3	321	-311	111	
0.017	2	321	-311		
117					
9					
0.59	4	111	211	-211	111
0.12	2	223	111		
0.237	2	211	-211		
0.009	3	321	-321	111	
0.009	3	321	-311	-211	
0.009	3	311	-311	111	
0.009	3	311	-321	211	
0.0085	2	321	-321		
0.0085	2	311	-311		
30113					
4					
0.3333	4	211	-211	211	-211
0.3333	3	113	211	-211	
0.1667	3	213	-211	111	
0.1667	3	-213	211	111	
30213					
4					
0.25	3	213	211	-211	
0.25	3	213	111	111	
0.25	3	113	211	111	
0.25	3	-213	211	211	
10331					
5					
0.1667	2	321	-321		
0.1667	2	311	-311		
0.3333	2	221	221		
0.2222	2	211	-211		
0.1111	2	111	111		
200211					
8					
0.11	3	211	111	111	
0.11	3	211	211	-211	
0.21	3	221	221	211	
0.21	3	221	331	211	
0.09	2	10321	-311		
0.09	2	323	-311		
0.09	2	321	-10311		
0.09	2	321	-313		
200111					
12					
0.11	3	211	-211	111	
0.11	3	111	111	111	
0.21	3	221	221	111	
0.21	3	221	331	111	
0.045	2	10321	-321		
0.045	2	10311	-311		
0.045	2	323	-321		
0.045	2	313	-311		
0.045	2	-10321	321		
0.045	2	-323	321		
0.045	2	-10311	311		
0.045	2	-313	311		
337					
6					
0.25	2	321	-321		
0.25	2	311	-311		
0.125	2	321	-323		
0.125	2	-321	323		
0.125	2	311	-313		
0.125	2	-311	313		
20215					
3					
0.5	2	9000211	221		
0.4	2	215	221		
0.1	2	9030221	211		
20115					
3					
0.5	2	9000111	221		
0.4	2	115	221		
0.1	2	9030221	111		
9050225					
6					
0.125	2	321	-321		
0.125	2	311	-311		
0.33	2	211	-211		
0.17	2	111	111		
0.125	2	221	221		
0.125	2	323	-323		
100335					
1					
1	2	333	333		
119					
6					
0.125	2	321	-321		
0.125	2	311	-311		
0.25	3	211	-211	111	
0.25	2	221	111		
0.125	2	331	111		
0.125	2	225	111		
219					
6					
0.25	2	321	-311		
0.125	3	211	-211	211	
0.125	3	211	111	111	
0.25	2	221	211		
0.125	2	331	211		
0.125	2	225	211		
229					
7					
0.1133	2	211	-211		
0.0567	2	111	111		
0.0034	2	321	-321		
0.0034	2	311	-311		
0.0021	2	221	221		
0.006	4	111	111	111	111
0.8151	2	223	223		
200333					
2					
0.5	2	333	9010221		
0.5	3	321	-321	9010221	
9060225					
1					
1	2	333	333		
9070225					
1					
1	2	333	333		
311					
2					
0.5	1	310			
0.5	1	130			
323					
2					
0.3333	2	321	111		
0.6667	2	311	211		
313					
2					
0.3333	2	311	111		
0.6667	2	321	-211		
10313					
8					
0.14	2	311	113		
0.28	2	321	-213		
0.0933	2	10311	111		
0.1867	2	10321	-211		
0.0533	2	313	111		
0.1067	2	323	-211		
0.11	2	311	223		
0.03	2	311	10221		
10323					
8					
0.14	2	321	113		
0.28	2	311	213		
0.0933	2	10321	111		
0.1867	2	10311	211		
0.0533	2	323	111		
0.1067	2	313	211		
0.11	2	321	223		
0.03	2	10221	321		
20313					
6					
0.3133	2	313	111		
0.6267	2	323	-211		
0.01	2	311	113		
0.02	2	321	-213		
0.02	2	311	10221		
0.01	2	311	223		
20323					
6					
0.6267	2	313	211		
0.3133	2	323	111		
0.02	2	311	213		
0.01	2	321	113		
0.02	2	321	10221		
0.01	2	321	223		
10311					
3					
0.31	2	311	111		
0.62	2	321	-211		
0.07	2	311	221		
10321					
2					
0.6667	2	311	211		
0.3333	2	321	111		
100313					
6					
0.2913	2	313	111		
0.5827	2	323	-211		
0.022	2	311	111		
0.044	2	321	-211		
0.02	2	311	113		
0.04	2	321	-213		
100323					
6					
0.5827	2	313	211		
0.2913	2	323	111		
0.044	2	311	211		
0.022	2	321	111		
0.04	2	311	213		
0.02	2	321	113		
325					
10					
0.3327	2	311	211		
0.1663	2	321	111		
0.1647	2	313	211		
0.0823	2	323	111		
0.045	3	313	211	111	
0.045	3	323	211	-211	
0.045	3	323	111	111	
0.06	2	311	213		
0.03	2	321	113		
0.029	2	321	223		
315					
10					
0.1663	2	311	111		
0.3327	2	321	-211		
0.0823	2	313	111		
0.1647	2	323	-211		
0.045	3	323	-211	111	
0.045	3	313	111	111	
0.045	3	313	211	-211	
0.03	2	311	113		
0.06	2	321	-213		
0.029	2	311	223		
30323					
6					
0.258	2	311	211		
0.129	2	321	111		
0.209	2	311	213		
0.105	2	321	113		
0.199	2	313	211		
0.1	2	323	111		
30313					
6					
0.129	2	311	111		
0.258	2	321	-211		
0.105	2	311	113		
0.209	2	321	-213		
0.1	2	313	111		
0.199	2	323	-211		
10325					
2					
0.6667	2	315	211		
0.3333	2	325	111		
10315					
2					
0.3333	2	315	111		
0.6667	2	325	-211		
317					
9					
0.09	2	311	113		
0.18	2	321	-213		
0.0667	2	313	111		
0.1333	2	323	-211		
0.0627	2	311	111		
0.1253	2	321	-211		
0.262	2	311	221		
0.0267	2	315	111		
0.0533	2	325	-211		
327					
9					
0.18	2	311	213		
0.09	2	321	113		
0.1333	2	313	211		
0.0667	2	323	111		
0.1253	2	311	211		
0.0627	2	321	111		
0.262	2	321	221		
0.0533	2	315	211		
0.0267	2	325	111		
20325					
6					
0.1667	2	315	211		
0.0833	2	325	111		
0.1667	2	313	211		
0.0833	2	323	111		
0.25	2	321	225		
0.25	2	321	223		
20315					
6					
0.0833	2	315	111		
0.1667	2	325	-211		
0.0833	2	313	111		
0.1667	2	323	-211		
0.25	2	311	225		
0.25	2	311	223		
319					
17					
0.033	2	311	111		
0.066	2	321	-211		
0.03	3	323	-211	111	
0.03	3	313	111	111	
0.03	3	313	211	-211	
0.0175	4	323	-211	111	111
0.0175	4	323	-211	211	-211
0.0175	4	313	111	111	111
0.0175	4	313	211	-211	111
0.019	3	213	311	-211	
0.019	3	113	311	111	
0.019	3	113	321	-211	
0.016667	3	223	311	111	
0.033333	3	223	321	-211	
0.009333	3	333	311	111	
0.018667	3	333	321	-211	
0.014	2	333	313		
329					
19					
0.066	2	211	311		
0.033	2	111	321		
0.03	3	323	211	-211	
0.03	3	323	111	111	
0.03	3	313	211	111	
0.0175	4	323	211	-211	111
0.0175	4	323	111	111	111
0.0175	4	313	211	111	111
0.0175	4	313	211	211	-211
0.0114	3	213	311	111	
0.0114	3	213	321	-211	
0.0114	3	113	321	111	
0.0114	3	113	311	211	
0.0114	3	-213	321	211	
0.033333	3	223	211	311	
0.016667	3	223	111	321	
0.018667	3	333	311	211	
0.009333	3	333	321	111	
0.014	2	333	323		
2114					
2					
0.6667	2	2112	111		
0.3333	2	2212	-211		
2214					
2					
0.3333	2	2112	211		
0.6667	2	2212	111		
1114					
1					
1	2	2112	-211		
2224					
1					
1	2	2212	211		
12212					
10					
0.42	2	2112	211		
0.21	2	2212	111		
0.125	2	2224	-211		
0.0833	2	2214	111		
0.0417	2	2114	211		
0.0267	2	2112	213		
0.0133	2	2212	113		
0.0267	3	2212	111	111	
0.0266	3	2212	211	-211	
0.0267	3	2112	211	111	
12112					
10					
0.21	2	2112	111		
0.42	2	2212	-211		
0.0417	2	2214	-211		
0.0833	2	2114	111		
0.125	2	1114	211		
0.0133	2	2112	113		
0.0267	2	2212	-213		
0.0267	3	2212	111	-211	
0.0267	3	2112	111	111	
0.0266	3	2112	211	-211	
2124					
10					
0.37	2	2112	211		
0.185	2	2212	111		
0.1	2	2224	-211		
0.07	2	2214	111		
0.035	2	2114	211		
0.1333	2	2112	213		
0.0667	2	2212	113		
0.0134	3	2212	111	111	
0.0133	3	2212	211	-211	
0.0133	3	2112	211	111	
1214					
10					
0.185	2	2112	111		
0.37	2	2212	-211		
0.035	2	2214	-211		
0.07	2	2114	111		
0.1	2	1114	211		
0.0667	2	2112	113		
0.1333	2	2212	-213		
0.0133	3	2212	111	-211	
0.0134	3	2112	111	111	
0.0133	3	2112	211	-211	
22212					
13					
0.3	2	2112	211		
0.15	2	2212	111		
0.475	2	2212	221		
0.0025	2	2224	-211		
0.0017	2	2214	111		
0.0008	2	2114	211		
0.0133	2	2112	213		
0.0067	2	2212	113		
0.005	3	2212	211	-211	
0.005	3	2212	111	111	
0.005	3	2112	211	111	
0.0233	2	12112	211		
0.0117	2	12212	111		
22112					
13					
0.15	2	2112	111		
0.3	2	2212	-211		
0.475	2	2112	221		
0.0008	2	2214	-211		
0.0017	2	2114	111		
0.0025	2	1114	211		
0.0067	2	2112	113		
0.0133	2	2212	-213		
0.005	3	2212	-211	111	
0.005	3	2112	111	111	
0.005	3	2112	211	-211	
0.0117	2	12112	111		
0.0233	2	12212	-211		
32224					
4					
0.15	2	2212	211		
0.45	2	2224	111		
0.3	2	2214	211		
0.1	2	12212	211		
32214					
7					
0.05	2	2112	211		
0.1	2	2212	111		
0.3	2	2224	-211		
0.05	2	2214	111		
0.4	2	2114	211		
0.0333	2	12112	211		
0.0667	2	12212	111		
32114					
7					
0.1	2	2112	111		
0.05	2	2212	-211		
0.4	2	2214	-211		
0.05	2	2114	111		
0.3	2	1114	211		
0.0667	2	12112	111		
0.0333	2	12212	-211		
31114					
4					
0.15	2	2112	-211		
0.3	2	2114	-211		
0.45	2	1114	111		
0.1	2	12112	-211		
1212					
7					
0.2	2	2112	111		
0.1	2	2212	-211		
0.32	2	2214	-211		
0.04	2	2114	111		
0.24	2	1114	211		
0.0667	2	12112	111		
0.0333	2	12212	-211		
1112					
4					
0.3	2	2112	-211		
0.24	2	2114	-211		
0.36	2	1114	111		
0.1	2	12112	-211		
2222					
4					
0.3	2	2212	211		
0.36	2	2224	111		
0.24	2	2214	211		
0.1	2	12212	211		
2122					
7					
0.1	2	2112	211		
0.2	2	2212	111		
0.24	2	2224	-211		
0.04	2	2214	111		
0.32	2	2114	211		
0.0333	2	12112	211		
0.0667	2	12212	111		
32212					
14					
0.46	2	2112	211		
0.23	2	2212	111		
0.075	2	2212	221		
0.07	2	3122	321		
0.02	2	2224	-211		
0.0133	2	2214	111		
0.0067	2	2114	211		
0.0533	2	2112	213		
0.0267	2	2212	113		
0.0067	3	2212	211	-211	
0.0066	3	2212	111	111	
0.0067	3	2112	211	111	
0.0167	2	12112	211		
0.0083	2	12212	111		
32112					
14					
0.23	2	2112	111		
0.46	2	2212	-211		
0.075	2	2112	221		
0.07	2	3122	311		
0.0067	2	2214	-211		
0.0133	2	2114	111		
0.02	2	1114	211		
0.0267	2	2112	113		
0.0533	2	2212	-213		
0.0067	3	2212	-211	111	
0.0067	3	2112	211	-211	
0.0066	3	2112	111	111	
0.0083	2	12112	111		
0.0167	2	12212	-211		
2116					
8					
0.14	2	2112	111		
0.28	2	2212	-211		
0.005	2	3122	311		
0.0933	2	2214	-211		
0.1867	2	2114	111		
0.275	2	1114	211		
0.0067	2	2112	113		
0.0133	2	2212	-213		
2216					
8					
0.28	2	2112	211		
0.14	2	2212	111		
0.005	2	3122	321		
0.275	2	2224	-211		
0.1867	2	2214	111		
0.0933	2	2114	211		
0.0133	2	2112	213		
0.0067	2	2212	113		
12116					
10					
0.225	2	2112	111		
0.45	2	2212	-211		
0.0167	2	2214	-211		
0.0333	2	2114	111		
0.05	2	1114	211		
0.03	2	2112	113		
0.06	2	2212	-213		
0.045	3	2212	111	-211	
0.045	3	2112	111	111	
0.045	3	2112	211	-211	
12216					
10					
0.45	2	2112	211		
0.225	2	2212	111		
0.05	2	2224	-211		
0.0333	2	2214	111		
0.0167	2	2114	211		
0.06	2	2112	213		
0.03	2	2212	113		
0.045	3	2212	111	111	
0.045	3	2212	211	-211	
0.045	3	2112	211	111	
12114					
8					
0.12	2	2112	111		
0.06	2	2212	-211		
0.24	2	2214	-211		
0.03	2	2114	111		
0.18	2	1114	211		
0.2	2	2112	113		
0.1	2	2212	-213		
0.07	2	2114	221		
12214					
8					
0.06	2	2112	211		
0.12	2	2212	111		
0.18	2	2224	-211		
0.03	2	2214	111		
0.24	2	2114	211		
0.1	2	2112	213		
0.2	2	2212	113		
0.07	2	2214	221		
22124					
6					
0.06	2	2112	211		
0.03	2	2212	111		
0.01	2	3122	321		
0.3	3	2212	111	111	
0.3	3	2212	211	-211	
0.3	3	2112	211	111	
21214					
6					
0.03	2	2112	111		
0.06	2	2212	-211		
0.01	2	3122	311		
0.3	3	2212	111	-211	
0.3	3	2112	111	111	
0.3	3	2112	211	-211	
11114					
5					
0.18	2	2112	-211		
0.18	2	2114	-211		
0.27	2	1114	111		
0.3	2	2112	-213		
0.07	2	1114	221		
12224					
5					
0.18	2	2212	211		
0.27	2	2224	111		
0.18	2	2214	211		
0.3	2	2212	213		
0.07	2	2224	221		
42112					
12					
0.04	2	2112	111		
0.08	2	2212	-211		
0.06	2	2112	221		
0.155	2	3122	311		
0.0458	2	2214	-211		
0.0917	2	2114	111		
0.1375	2	1114	211		
0.05	2	2112	113		
0.1	2	2212	-213		
0.08	3	2212	111	-211	
0.08	3	2112	111	111	
0.08	3	2112	211	-211	
42212					
12					
0.08	2	2112	211		
0.04	2	2212	111		
0.06	2	2212	221		
0.155	2	3122	321		
0.1375	2	2224	-211		
0.0917	2	2214	111		
0.0458	2	2114	211		
0.1	2	2112	213		
0.05	2	2212	113		
0.08	3	2212	111	111	
0.08	3	2212	211	-211	
0.08	3	2112	211	111	
31214					
6					
0.04	2	2112	111		
0.08	2	2212	-211		
0.04	2	2112	221		
0.075	2	3122	311		
0.255	2	2112	113		
0.51	2	2212	-213		
32124					
6					
0.08	2	2112	211		
0.04	2	2212	111		
0.04	2	2212	221		
0.075	2	3122	321		
0.51	2	2112	213		
0.255	2	2212	113		
2111875					
12					
0.025	2	2112	111		
0.05	2	2212	-211		
0.012	2	2112	221		
0.213	2	2112	223		
0.27	2	1114	211		
0.18	2	2114	111		
0.09	2	2214	-211		
0.02	2	2112	113		
0.04	2	2212	-213		
0.04	3	2112	211	-211	
0.02	3	2112	111	111	
0.04	3	2212	-211	111	
2211875					
12					
0.025	2	2212	111		
0.05	2	2112	211		
0.012	2	2212	221		
0.213	2	2212	223		
0.18	2	2214	111		
0.09	2	2114	211		
0.27	2	2224	-211		
0.02	2	2212	113		
0.04	2	2112	213		
0.04	3	2212	211	-211	
0.02	3	2212	111	111	
0.04	3	2112	211	111	
2211900					
10					
0.04	2	2212	111		
0.08	2	2112	211		
0.13	2	2212	221		
0.13	2	2212	223		
0.02	2	22212	111		
0.04	2	22112	211		
0.11	2	3122	321		
0.075	2	2114	211		
0.15	2	2214	111		
0.225	2	2224	-211		
2111900					
10					
0.04	2	2112	111		
0.08	2	2212	-211		
0.13	2	2112	221		
0.13	2	2112	223		
0.02	2	22112	111		
0.04	2	22212	-211		
0.11	2	3122	311		
0.075	2	2214	-211		
0.15	2	2114	111		
0.225	2	1114	211		
2126					
6					
0.03	2	2112	211		
0.06	2	2212	111		
0.36	2	2224	-211		
0.06	2	2214	111		
0.48	2	2114	211		
0.01	2	2214	221		
2226					
4					
0.09	2	2212	211		
0.54	2	2224	111		
0.36	2	2214	211		
0.01	2	2224	221		
1216					
6					
0.06	2	2112	111		
0.03	2	2212	-211		
0.48	2	2214	-211		
0.06	2	2114	111		
0.36	2	1114	211		
0.01	2	2114	221		
1116					
4					
0.09	2	2112	-211		
0.36	2	2114	-211		
0.54	2	1114	111		
0.01	2	1114	221		
21112					
5					
0.24	2	2112	-211		
0.24	2	2114	-211		
0.36	2	1114	111		
0.09	2	12112	-211		
0.07	2	1114	221		
22122					
8					
0.08	2	2112	211		
0.16	2	2212	111		
0.24	2	2224	-211		
0.04	2	2214	111		
0.32	2	2114	211		
0.06	2	12212	111		
0.03	2	12112	211		
0.07	2	2214	221		
21212					
8					
0.16	2	2112	111		
0.08	2	2212	-211		
0.32	2	2214	-211		
0.04	2	2114	111		
0.24	2	1114	211		
0.03	2	12212	-211		
0.06	2	12112	111		
0.07	2	2114	221		
22222					
5					
0.24	2	2212	211		
0.36	2	2224	111		
0.24	2	2214	211		
0.09	2	12212	211		
0.07	2	2224	221		
22114					
6					
0.1	2	2112	111		
0.05	2	2212	-211		
0.1	2	2114	221		
0.4	2	2214	-211		
0.05	2	2114	111		
0.3	2	1114	211		
22214					
6					
0.05	2	2112	211		
0.1	2	2212	111		
0.1	2	2214	221		
0.3	2	2224	-211		
0.05	2	2214	111		
0.4	2	2114	211		
22224					
4					
0.15	2	2212	211		
0.1	2	2224	221		
0.45	2	2224	111		
0.3	2	2214	211		
21114					
4					
0.15	2	2112	-211		
0.1	2	1114	221		
0.3	2	2114	-211		
0.45	2	1114	111		
11116					
5					
0.15	2	2112	-211		
0.18	2	2114	-211		
0.27	2	1114	111		
0.33	2	2112	-213		
0.07	2	1114	221		
12126					
8					
0.05	2	2112	211		
0.1	2	2212	111		
0.18	2	2224	-211		
0.03	2	2214	111		
0.24	2	2114	211		
0.22	2	2212	113		
0.11	2	2112	213		
0.07	2	2214	221		
11216					
8					
0.1	2	2112	111		
0.05	2	2212	-211		
0.24	2	2214	-211		
0.03	2	2114	111		
0.18	2	1114	211		
0.11	2	2212	-213		
0.22	2	2112	113		
0.07	2	2114	221		
12226					
5					
0.15	2	2212	211		
0.27	2	2224	111		
0.18	2	2214	211		
0.33	2	2212	213		
0.07	2	2224	221		
2218					
7					
0.15	2	2112	211		
0.3	2	2212	111		
0.18	2	2224	-211		
0.03	2	2214	111		
0.24	2	2114	211		
0.0333	2	12116	211		
0.0667	2	12216	111		
2118					
7					
0.3	2	2112	111		
0.15	2	2212	-211		
0.24	2	2214	-211		
0.03	2	2114	111		
0.18	2	1114	211		
0.0667	2	12116	111		
0.0333	2	12216	-211		
2228					
4					
0.45	2	2212	211		
0.27	2	2224	111		
0.18	2	2214	211		
0.1	2	12216	211		
1118					
4					
0.45	2	2112	-211		
0.18	2	2114	-211		
0.27	2	1114	111		
0.1	2	12116	-211		
2128					
8					
0.1	2	2112	211		
0.05	2	2212	111		
0.21	2	2212	223		
0.09	2	2114	211		
0.18	2	2214	111		
0.27	2	2224	-211		
0.0333	2	2212	113		
0.0667	2	2112	213		
1218					
8					
0.05	2	2112	111		
0.1	2	2212	-211		
0.21	2	2112	223		
0.09	2	2214	-211		
0.18	2	2114	111		
0.27	2	1114	211		
0.0333	2	2112	113		
0.0667	2	2212	-213		
91					
7					
0.15	2	2112	211		
0.075	2	2212	111		
0.105	2	2212	221		
0.1	2	2212	223		
0.095	2	2114	211		
0.19	2	2214	111		
0.285	2	2224	-211		
92					
7					
0.075	2	2112	111		
0.15	2	2212	-211		
0.105	2	2112	221		
0.1	2	2112	223		
0.095	2	2214	-211		
0.19	2	2114	111		
0.285	2	1114	211		
93					
8					
0.0667	2	2112	211		
0.0333	2	2212	111		
0.2	2	2212	223		
0.09	2	2114	211		
0.18	2	2214	111		
0.27	2	2224	-211		
0.0533	2	2212	113		
0.1067	2	2112	213		
94					
8					
0.0333	2	2112	111		
0.0667	2	2212	-211		
0.2	2	2112	223		
0.09	2	2214	-211		
0.18	2	2114	111		
0.27	2	1114	211		
0.1067	2	2212	-213		
0.0533	2	2112	113		
97					
5					
0.09	2	2212	211		
0.45	2	2224	111		
0.3	2	2214	211		
0.09	2	12216	211		
0.07	2	2224	221		
910					
5					
0.09	2	2112	-211		
0.3	2	2114	-211		
0.45	2	1114	111		
0.09	2	12116	-211		
0.07	2	1114	221		
99					
8					
0.06	2	2112	111		
0.03	2	2212	-211		
0.4	2	2214	-211		
0.05	2	2114	111		
0.3	2	1114	211		
0.03	2	12216	-211		
0.06	2	12116	111		
0.07	2	2114	221		
98					
8					
0.03	2	2112	211		
0.06	2	2212	111		
0.3	2	2224	-211		
0.05	2	2214	111		
0.4	2	2114	211		
0.06	2	12216	111		
0.03	2	12116	211		
0.07	2	2214	221		
96					
8					
0.02	2	2112	111		
0.04	2	2212	-211		
0.24	2	2112	223		
0.09	2	2214	-211		
0.18	2	2114	111		
0.27	2	1114	211		
0.1067	2	2212	-213		
0.0533	2	2112	113		
95					
8					
0.04	2	2112	211		
0.02	2	2212	111		
0.24	2	2212	223		
0.09	2	2114	211		
0.18	2	2214	111		
0.27	2	2224	-211		
0.0533	2	2212	113		
0.1067	2	2112	213		
3122					
2					
0.639	2	2212	-211		
0.358	2	2112	111		
3222					
2					
0.5157	2	2212	111		
0.4831	2	2112	211		
3212					
1					
1	2	3122	22		
3112					
1					
0.9985	2	2112	-211		
3224					
3					
0.88	2	3122	211		
0.06	2	3222	111		
0.06	2	3212	211		
3214					
3					
0.88	2	3122	111		
0.06	2	3222	-211		
0.06	2	3112	211		
3114					
3					
0.88	2	3122	-211		
0.06	2	3212	-211		
0.06	2	3112	111		
13122					
3					
0.3333	2	3222	-211		
0.3334	2	3212	111		
0.3333	2	3112	211		
3124					
12					
0.23	2	2212	-321		
0.23	2	2112	-311		
0.14	2	3222	-211		
0.14	2	3212	111		
0.14	2	3112	211		
0.05	3	3122	211	-211	
0.05	3	3122	111	111	
0.0025	3	3222	-211	111	
0.0025	3	3212	211	-211	
0.0025	3	3212	111	111	
0.0025	3	3112	211	111	
0.01	2	3122	22		
23122					
5					
0.2	2	2212	-321		
0.2	2	2112	-311		
0.2	2	3222	-211		
0.2	2	3212	111		
0.2	2	3112	211		
13212					
5					
0.2	2	2212	-321		
0.2	2	2112	-311		
0.3	2	3122	111		
0.15	2	3222	-211		
0.15	2	3112	211		
13112					
4					
0.4	2	2112	-321		
0.3	2	3122	-211		
0.15	2	3212	-211		
0.15	2	3112	111		
13222					
4					
0.4	2	2212	-311		
0.3	2	3122	211		
0.15	2	3222	111		
0.15	2	3212	211		
13214					
5					
0.1	2	2212	-321		
0.1	2	2112	-311		
0.2	2	3122	111		
0.3	2	3222	-211		
0.3	2	3112	211		
13224					
4					
0.2	2	2212	-311		
0.2	2	3122	211		
0.3	2	3222	111		
0.3	2	3212	211		
13114					
4					
0.2	2	2112	-321		
0.2	2	3122	-211		
0.3	2	3212	-211		
0.3	2	3112	111		
33122					
6					
0.15	2	2212	-321		
0.15	2	2112	-311		
0.17	2	3222	-211		
0.17	2	3212	111		
0.17	2	3112	211		
0.19	2	3122	221		
13124					
11					
0.125	2	2212	-321		
0.125	2	2112	-311		
0.1	2	3222	-211		
0.1	2	3212	111		
0.1	2	3112	211		
0.125	3	3122	111	111	
0.125	3	3122	211	-211	
0.05	3	3222	-211	111	
0.05	3	3212	211	-211	
0.05	3	3212	111	111	
0.05	3	3112	211	111	
23222					
4					
0.4	2	2212	-311		
0.04	2	3222	111		
0.04	2	3212	211		
0.52	2	3222	221		
23212					
5					
0.2	2	2212	-321		
0.2	2	2112	-311		
0.04	2	3222	-211		
0.04	2	3112	211		
0.52	2	3212	221		
23112					
4					
0.4	2	2112	-321		
0.04	2	3212	-211		
0.04	2	3112	111		
0.52	2	3112	221		
3116					
7					
0.44	2	2112	-321		
0.19	2	3122	-211		
0.02	2	3212	-211		
0.02	2	3112	111		
0.06	2	3214	-211		
0.06	2	3114	111		
0.21	2	3124	-211		
3226					
7					
0.44	2	2212	-311		
0.19	2	3122	211		
0.02	2	3222	111		
0.02	2	3212	211		
0.06	2	3224	111		
0.06	2	3214	211		
0.21	2	3124	211		
3216					
8					
0.22	2	2212	-321		
0.22	2	2112	-311		
0.19	2	3122	111		
0.02	2	3222	-211		
0.02	2	3112	211		
0.06	2	3224	-211		
0.06	2	3114	211		
0.21	2	3124	111		
43122					
6					
0.2	2	2212	-321		
0.2	2	2112	-311		
0.06	2	3122	221		
0.18	2	3222	-211		
0.18	2	3212	111		
0.18	2	3112	211		
53122					
7					
0.17	2	2212	-321		
0.17	2	2112	-311		
0.08	2	3222	-211		
0.08	2	3212	111		
0.08	2	3112	211		
0.21	2	2212	-323		
0.21	2	2112	-313		
3126					
8					
0.35	2	2212	-321		
0.35	2	2112	-311		
0.06	2	3222	-211		
0.06	2	3212	111		
0.06	2	3112	211		
0.04	2	3224	-211		
0.04	2	3214	111		
0.04	2	3114	211		
13126					
8					
0.0326	2	2212	-321		
0.0326	2	2112	-311		
0.1833	2	3222	-211		
0.1833	2	3212	111		
0.1833	2	3112	211		
0.1283	2	3224	-211		
0.1283	2	3214	111		
0.1283	2	3114	211		
23124					
10					
0.2	2	2212	-321		
0.2	2	2112	-311		
0.08	2	3222	-211		
0.08	2	3212	111		
0.08	2	3112	211		
0.09	2	2212	-323		
0.09	2	2112	-313		
0.06	2	3224	-211		
0.06	2	3214	111		
0.06	2	3114	211		
13216					
8					
0.15	2	2212	-321		
0.15	2	2112	-311		
0.02	2	3224	-211		
0.02	2	3114	211		
0.13	2	3222	-211		
0.13	2	3112	211		
0.25	2	3122	111		
0.15	2	3124	111		
13226					
7					
0.3	2	2212	-311		
0.02	2	3224	111		
0.02	2	3214	211		
0.25	2	3122	211		
0.13	2	3222	111		
0.13	2	3212	211		
0.15	2	3124	211		
13116					
7					
0.3	2	2112	-321		
0.02	2	3214	-211		
0.02	2	3114	111		
0.13	2	3212	-211		
0.13	2	3112	111		
0.25	2	3122	-211		
0.15	2	3124	-211		
23224					
7					
0.2	2	2212	-311		
0.1	2	3122	211		
0.2	2	3124	211		
0.1	2	3222	111		
0.1	2	3212	211		
0.15	2	3224	111		
0.15	2	3214	211		
23114					
7					
0.2	2	2112	-321		
0.1	2	3122	-211		
0.1	2	3112	111		
0.1	2	3212	-211		
0.15	2	3114	111		
0.15	2	3214	-211		
0.2	2	3124	-211		
23214					
8					
0.1	2	2212	-321		
0.1	2	2112	-311		
0.1	2	3122	111		
0.2	2	3124	111		
0.1	2	3222	-211		
0.1	2	3112	211		
0.15	2	3224	-211		
0.15	2	3114	211		
3118					
11					
0.24	2	2112	-321		
0.22	2	3122	-211		
0.04	2	3212	-211		
0.04	2	3112	111		
0.02	2	3312	311		
0.05	2	3214	-211		
0.05	2	3114	111		
0.15	2	3124	-211		
0.0375	2	2114	-321		
0.1125	2	1114	-311		
0.04	2	2112	-323		
3228					
11					
0.24	2	2212	-311		
0.22	2	3122	211		
0.04	2	3222	111		
0.04	2	3212	211		
0.02	2	3322	321		
0.05	2	3224	111		
0.05	2	3214	211		
0.15	2	3124	211		
0.1125	2	2224	-321		
0.0375	2	2214	-311		
0.04	2	2212	-313		
3218					
14					
0.12	2	2212	-321		
0.12	2	2112	-311		
0.22	2	3122	111		
0.04	2	3222	-211		
0.04	2	3112	211		
0.01	2	3322	311		
0.01	2	3312	321		
0.05	2	3224	-211		
0.05	2	3114	211		
0.15	2	3124	111		
0.075	2	2214	-321		
0.075	2	2114	-311		
0.02	2	2212	-323		
0.02	2	2112	-313		
3128					
14					
0.2	2	2212	-321		
0.2	2	2112	-311		
0.03	2	3222	-211		
0.03	2	3212	111		
0.03	2	3112	211		
0.03	2	3122	221		
0.015	2	3322	311		
0.015	2	3312	321		
0.07	2	3122	223		
0.1	2	2212	-323		
0.1	2	2112	-313		
0.06	2	3224	-211		
0.06	2	3214	111		
0.06	2	3114	211		
23126					
7					
0.125	2	2212	-321		
0.125	2	2112	-311		
0.09	2	3222	-211		
0.09	2	3212	111		
0.09	2	3112	211		
0.24	2	2212	-323		
0.24	2	2112	-313		
33224					
4					
0.1	2	-311	2212		
0.45	2	3122	211		
0.225	2	111	3222		
0.225	2	211	3212		
33214					
5					
0.05	2	2112	-311		
0.05	2	2212	-321		
0.45	2	3122	111		
0.225	2	211	3112		
0.225	2	-211	3222		
33114					
4					
0.1	2	2112	-321		
0.45	2	3122	-211		
0.225	2	111	3112		
0.225	2	-211	3212		
911					
10					
0.1	2	2212	-321		
0.1	2	2112	-311		
0.05	2	3222	-211		
0.05	2	3212	111		
0.05	2	3112	211		
0.05	2	3224	-211		
0.05	2	3214	111		
0.05	2	3114	211		
0.25	2	2212	-323		
0.25	2	2112	-313		
3322					
1					
0.99522	2	3122	111		
3312					
1					
0.99887	2	3122	-211		
3324					
2					
0.6667	2	3312	211		
0.3333	2	3322	111		
3314					
2					
0.3333	2	3312	111		
0.6667	2	3322	-211		
23324					
5					
0.34	2	3122	-311		
0.22	2	3222	-321		
0.11	2	3212	-311		
0.11	2	3322	111		
0.22	2	3312	211		
23314					
5					
0.34	2	3122	-321		
0.11	2	3212	-321		
0.22	2	3112	-311		
0.22	2	3322	-211		
0.11	2	3312	111		
13324					
1					
1	2	3122	-311		
13314					
1					
1	2	3122	-321		
33324					
3					
0.5	2	3122	-311		
0.167	2	3322	111		
0.333	2	3312	211		
33314					
3					
0.5	2	3122	-321		
0.167	2	3312	111		
0.333	2	3322	-211		
3316					
3					
0.2	2	3122	-321		
0.2667	2	3212	-321		
0.5333	2	3112	-311		
3326					
3					
0.2	2	3122	-311		
0.5333	2	3222	-321		
0.2667	2	3212	-311		
3334					
3					
0.678	2	3122	-321		
0.236	2	3322	-211		
0.086	2	3312	111		
13334					
1					
1	2	3324	-321		
423					
2					
0.619	2	421	111		
0.381	1	421			
413					
3					
0.677	2	421	211		
0.307	2	411	111		
0.016	1	411			
14122					
3					
0.24	2	4222	-211		
0.24	2	4112	211		
0.18	3	4122	211	-211	
4212					
1					
1	2	4122	111		
4112					
1					
1	2	4122	-211		
4222					
1					
1	2	4122	211		
4214					
1					
1	2	4122	111		
4114					
1					
1	2	4122	-211		
4224					
1					
1	2	4122	211		
4322					
1					
1	1	4232			
4312					
1					
1	1	4132			
4124					
3					
0.05	2	4222	-211		
0.05	2	4112	211		
0.57	3	4112	211	-211	
4324					
1					
0.5	2	4132	211		
4314					
1					
0.5	2	4232	-211		
4334					
1					
1	1	4332			
10441					
1					
0.0116	1	443			
20443					
1					
0.344	1	443			
445					
1					
0.195	1	443			
100443					
1					
0.595	1	443			
30443					
2					
0.52	2	421	-421		
0.41	2	411	-411	
	
\\Taken from THERMALFist