274						
9000221						
1						
1	2	211	-211			
310						
2						
0.314	2	111	111			
0.686	2	211	-211			
221						
3						
0.3251	3	111	111	111		
0.226	3	211	-211	111		
0.0468	2	211	-211			
213						
1						
1	2	211	111			
113						
1						
1	2	211	-211			
223						
3						
0.891	3	211	-211	111		
0.087	1	111				
0.017	2	211	-211			
331						
4						
0.443	3	211	-211	221		
0.295	1	113				
0.209	3	111	111	221		
0.0303	1	223				
9010221						
2						
0.6667	2	211	-211			
0.3333	2	111	111			
9000211						
1						
1	2	221	211			
9000111						
1						
1	2	221	111			
333						
4						
0.492	2	321	-321			
0.337	2	311	-311			
0.155	3	211	-211	111		
0.013	1	221				
10223						
3						
0.3333	2	213	-211			
0.3333	2	113	111			
0.3333	2	-213	211			
10113						
1						
1	2	223	111			
10213						
1						
1	2	223	211			
20213						
2						
0.5	2	213	111			
0.5	2	113	211			
20113						
2						
0.5	2	213	-211			
0.5	2	-213	211			
225						
6						
0.5647	2	211	-211			
0.2823	2	111	111			
0.071	4	211	-211	111	111	
0.023	2	321	-321			
0.023	2	311	-311			
0.028	4	211	211	-211	-211	
20223						
13						
0.22	4	111	111	211	-211	
0.11	4	211	211	-211	-211	
0.11	3	211	-211	113		
0.12	2	9000211	-211			
0.12	2	9000111	111			
0.12	2	-9000211	211			
0.1067	3	221	211	-211		
0.0533	3	221	111	111		
0.0225	3	321	-321	111		
0.0225	3	321	-311	-211		
0.0225	3	311	-321	211		
0.0225	3	311	-311	111		
0.055	1	113				
100221						
2						
0.6667	3	221	211	-211		
0.3333	3	221	111	111		
100211						
2						
0.5	2	211	113			
0.5	2	111	213			
100111						
2						
0.5	2	211	-213			
0.5	2	-211	213			
115						
6						
0.3505	2	211	-213			
0.3505	2	-211	213			
0.145	2	111	221			
0.106	3	223	211	-211		
0.0245	2	321	-321			
0.0245	2	311	-311			
215						
5						
0.3505	2	213	111			
0.3505	2	113	211			
0.145	2	211	221			
0.106	3	223	211	111		
0.049	2	321	-311			
10221						
2						
0.6667	2	211	-211			
0.3333	2	111	111			
9000113						
2						
0.5	2	221	211			
0.5	2	221	111			
9000213						
2						
0.5	2	221	211			
0.5	2	221	111			
10333						
4						
0.25	2	313	-311			
0.25	2	-313	311			
0.25	2	323	-321			
0.25	2	-323	321			
100223						
3						
0.3333	2	213	-211			
0.3333	2	113	111			
0.3333	2	-213	211			
20333						
4						
0.25	2	321	-323			
0.25	2	-321	323			
0.25	2	311	-313			
0.25	2	-311	313			
100331						
14						
0.05	3	321	-321	111		
0.05	3	321	-311	-211		
0.05	3	311	-311	111		
0.05	3	311	-321	211		
0.05	2	321	-323			
0.05	2	-321	323			
0.05	2	311	-313			
0.05	2	-311	313			
0.1333	3	221	211	-211		
0.0667	3	221	111	111		
0.2	2	9010221	221			
0.0667	4	211	-211	211	-211	
0.0667	4	211	-211	111	111	
0.0667	4	111	111	111	111	
9000225						
2						
0.5	2	321	-321			
0.5	2	211	211			
100213						
1						
1	2	211	111			
100113						
1						
1	2	211	-211			
10111						
4						
0.33333	2	111	221			
0.33333	2	111	331			
0.16667	2	321	-321			
0.16667	2	311	-311			
10211						
3						
0.33333	2	211	221			
0.33333	2	211	331			
0.33333	2	321	-311			
9020221						
8						
0.2	2	221	331			
0.2	2	221	221			
0.1	4	111	111	111	111	
0.1	4	211	-211	211	-211	
0.1333	2	211	-211			
0.0667	2	111	111			
0.1	2	321	-321			
0.1	2	311	-311			
9000223						
1						
1	3	321	311	-9000321		
335						
5						
0.444	2	321	-321			
0.444	2	311	-311			
0.103	2	221	221			
0.0027	2	111	111			
0.0055	2	211	-211			
10225						
11						
0.091	2	115	111			
0.091	2	215	-211			
0.091	2	-215	211			
0.091	2	321	-323			
0.091	2	-321	323			
0.091	2	311	-313			
0.091	2	-311	313			
0.091	2	10111	111			
0.091	2	10211	-211			
0.091	2	-10211	211			
0.091	2	225	221			
9020225						
4						
0.653	2	213	-213			
0.326	2	113	113			
0.014	2	211	-211			
0.007	2	111	111			
9020213						
1						
1	2	225	111			
9020113						
1						
1	2	225	211			
30223						
6						
0.1111	2	213	-211			
0.1111	2	113	111			
0.1111	2	-213	211			
0.2222	3	223	211	-211		
0.1111	3	223	111	111		
0.3333	2	223	221			
9010113						
5						
0.1666	2	213	-211			
0.1666	2	-213	211			
0.1666	2	10213	-211			
0.1666	2	-10213	211			
0.3333	2	331	111			
9010213						
5						
0.1666	2	113	211			
0.1666	2	213	111			
0.1666	2	10113	211			
0.1666	2	10213	111			
0.3333	2	331	211			
227						
5						
0.1667	2	213	-211			
0.1667	2	113	111			
0.1667	2	-213	211			
0.1667	3	223	111	111		
0.3333	3	223	211	-211		
10215						
8						
0.562	2	225	211			
0.155	2	211	113			
0.155	2	111	213			
0.13	2	9000221	211			
0.087	2	10221	211			
0.021	2	321	-313			
0.021	2	323	-311			
0.027	2	223	213			
10115						
10						
0.562	2	225	111			
0.155	2	211	-213			
0.155	2	-211	213			
0.13	2	9000221	111			
0.087	2	10221	111			
0.0105	2	321	-323			
0.0105	2	-321	323			
0.0105	2	311	-313			
0.0105	2	-311	313			
0.027	2	223	113			
100333						
4						
0.25	2	321	-323			
0.25	2	-321	323			
0.25	2	311	-313			
0.25	2	-311	313			
217						
7						
0.67	4	211	211	-211	111	
0.16	2	223	211			
0.236	2	211	111			
0.0127	3	321	-321	211		
0.0127	3	311	-311	211		
0.0127	3	321	-311	111		
0.0158	2	321	-311			
117						
9						
0.67	4	111	211	-211	111	
0.16	2	223	111			
0.236	2	211	-211			
0.0095	3	321	-321	111		
0.0095	3	321	-311	-211		
0.0095	3	311	-311	111		
0.0095	3	311	-321	211		
0.0079	2	321	-321			
0.0079	2	311	-311			
30213						
4						
0.25	3	213	211	-211		
0.25	3	213	111	111		
0.25	3	113	211	111		
0.25	3	-213	211	211		
30113						
4						
0.3333	4	211	-211	211	-211	
0.3333	3	113	211	-211		
0.1667	3	213	-211	111		
0.1667	3	-213	211	111		
10331						
5						
0.1667	2	321	-321			
0.1667	2	311	-311			
0.3333	2	221	221			
0.2222	2	211	-211			
0.1111	2	111	111			
9000215						
1						
1	2	221	111			
9000115						
1						
1	2	221	211			
9040221						
2						
0.333	2	113	113			
0.66	2	213	-213			
200211						
6						
0.1	3	211	111	111		
0.1	3	211	211	-211		
0.2	3	221	221	211		
0.2	3	221	331	211		
0.2	2	10321	-311			
0.2	2	323	-311			
200111						
8						
0.1	3	211	-211	111		
0.1	3	111	111	111		
0.2	3	221	221	111		
0.2	3	221	331	111		
0.1	2	10321	-321			
0.1	2	10311	-311			
0.1	2	323	-321			
0.1	2	313	-311			
9030225						
4						
0.653	2	213	-213			
0.326	2	113	113			
0.014	2	211	-211			
0.007	2	111	111			
337						
6						
0.25	2	321	-321			
0.25	2	311	-311			
0.125	2	321	-323			
0.125	2	-321	323			
0.125	2	311	-313			
0.125	2	-311	313			
9040225						
5						
0.25	2	321	-321			
0.125	2	310	310			
0.125	2	130	130			
0.33	2	211	-211			
0.17	2	111	111			
9000117						
9						
0.55	4	-211	211	111	111	
0.16	2	223	111			
0.0063	3	311	-311	111		
0.0063	3	321	-321	111		
0.0127	3	321	-311	-211		
0.0127	3	-321	311	211		
0.008	2	321	-321			
0.008	2	311	-311			
0.236	2	211	-211			
9000217						
7						
0.55	4	211	211	-211	111	
0.16	2	223	211			
0.0127	3	311	-311	111		
0.0127	3	321	-311	211		
0.0127	3	321	-321	211		
0.0159	2	321	-311			
0.236	2	211	111			
9050221						
10						
0.051	2	221	221			
0.019	2	331	221			
0.12	2	111	111			
0.24	2	211	-211			
0.215	4	211	-211	211	-211	
0.215	4	211	-211	111	111	
0.054	4	111	111	111	111	
0.043	2	321	-321			
0.0215	2	310	310			
0.0215	2	130	130			
100335						
1						
1	2	333	333			
219						
5						
0.25	2	321	-311			
0.125	3	211	-211	211		
0.125	3	211	111	111		
0.25	2	221	211			
0.25	2	331	211			
119						
5						
0.125	2	321	-321			
0.125	2	311	-311			
0.25	3	211	-211	111		
0.25	2	221	111			
0.25	2	331	111			
229						
6						
0.1133	2	211	-211			
0.0567	2	111	111			
0.0034	2	321	-321			
0.0034	2	311	-311			
0.0021	2	221	221			
0.006	4	111	111	111	111	
9060225						
1						
1	2	333	333			
9070225						
5						
0.25	2	321	-321			
0.12	2	531	310			
0.12	2	513	130			
0.33	2	211	-211			
0.17	2	111	111			
9090225						
5						
0.25	2	321	-321			
0.12	2	531	310			
0.12	2	513	130			
0.33	2	211	-211			
0.17	2	111	111			
10441						
1						
0.17	1	443				
20443						
1						
0.273	2	443	211			
445						
1						
0.135	1	443				
100443						
8						
0.32	2	211	-211			
0.18	2	111	111			
0.027	2	443	221			
0.001	2	443	111			
0.093	1	10441				
0.087	1	20443				
0.078	1	445				
0.0028	1	441				
100445						
1						
0.135	1	443				
9000443						
8						
0.32	2	211	-211			
0.18	2	111	111			
0.027	2	443	221			
0.001	2	443	111			
0.093	1	10441				
0.087	1	20443				
0.078	1	445				
0.0028	1	441				
9010443						
8						
0.324	3	443	211	-211		
0.184	3	443	111	111		
0.027	2	443	221			
0.001	2	443	111			
0.093	1	10441				
0.087	1	20443				
0.078	1	445				
0.0028	1	441				
9020443						
8						
0.324	3	443	211	-211		
0.184	3	443	111	111		
0.027	2	443	221			
0.001	2	443	111			
0.093	1	10441				
0.087	1	20443				
0.078	1	445				
0.0028	1	441				
521						
16						
0.0035	2	-421	211			
0.011	2	-421	213			
0.0055	2	-421	20213			
0.0042	2	-423	211			
0.009	2	-423	213			
0.018	2	-423	20213			
0.015	2	-421	431			
0.0185	2	-421	433			
0.0135	2	-423	431			
0.025	2	-423	433			
0.0004	2	441	321			
0.0007	2	441	323			
0.0008	2	443	321			
0.0014	2	443	323			
0.0019	2	20443	321			
0.0025	2	20443	323			
511						
16						
0.35	2	-411	211			
0.011	2	-411	213			
0.0055	2	-411	20213			
0.0042	2	-413	211			
0.009	2	-413	213			
0.018	2	-413	20213			
0.015	2	-411	431			
0.018	2	-411	433			
0.013	2	-413	431			
0.025	2	-413	433			
0.0004	2	441	311			
0.0007	2	441	313			
0.0008	2	443	311			
0.0014	2	443	313			
0.0019	2	20443	311			
0.0025	2	20443	313			
513						
1						
1	1	511				
523						
1						
1	1	521				
541						
13						
0.012	1	441				
0.035	1	443				
0.012	1	441				
0.035	1	443				
0.003	1	441				
0.007	1	443				
0.014	1	531				
0.042	1	533				
0.014	1	531				
0.001	1	511				
0.002	1	513				
0.001	1	511				
0.002	1	513				
10551						
1						
1	2	553	111			
20553						
1						
1	2	553	211			
555						
1						
0.22	1	553				
100553						
5						
0.185	3	553	211	-211		
0.088	3	553	111	111		
0.043	1	10551				
0.067	1	20553				
0.066	1	555				
110551						
1						
1	2	553	111			
120553						
1						
0.35	1	553				
100555						
1						
1	2	553	211			
200553						
5						
0.185	3	553	211	-211		
0.088	3	553	111	111		
0.043	1	10551				
0.067	1	20553				
0.066	1	555				
300553						
5						
0.185	3	553	211	-211		
0.088	3	553	111	111		
0.043	1	10551				
0.067	1	20553				
0.066	1	555				
311						
2						
0.5	1	310				
0.5	1	130				
9000311						
2						
0.667	2	311	-211			
0.333	2	311	111			
9000321						
2						
0.667	2	311	211			
0.333	2	321	111			
323						
2						
0.3333	2	321	111			
0.6667	2	311	211			
313						
2						
0.3333	2	311	111			
0.6667	2	321	-211			
10313						
8						
0.14	2	311	113			
0.28	2	321	-213			
0.0933	2	10311	111			
0.1867	2	10321	-211			
0.0533	2	313	111			
0.1067	2	323	-211			
0.11	2	311	223			
0.03	2	311	10221			
10323						
8						
0.14	2	321	113			
0.28	2	311	213			
0.0933	2	10321	111			
0.1867	2	10311	211			
0.0533	2	323	111			
0.1067	2	313	211			
0.11	2	321	223			
0.03	2	10221	321			
20323						
6						
0.6267	2	313	211			
0.3133	2	323	111			
0.02	2	311	213			
0.01	2	321	113			
0.02	2	321	10221			
0.01	2	321	223			
20313						
6						
0.3133	2	313	111			
0.6267	2	323	-211			
0.01	2	311	113			
0.02	2	321	-213			
0.02	2	311	10221			
0.01	2	311	223			
10311						
2						
0.31	2	311	111			
0.62	2	321	-211			
10321						
2						
0.62	2	311	211			
0.31	2	321	111			
100313						
6						
0.2333	2	313	111			
0.4667	2	323	-211			
0.022	2	311	111			
0.044	2	321	-211			
0.0117	2	311	113			
0.0233	2	321	-213			
100323						
6						
0.4667	2	313	211			
0.2333	2	323	111			
0.044	2	311	211			
0.022	2	321	111			
0.0233	2	311	213			
0.0117	2	321	113			
325						
10						
0.3327	2	311	211			
0.1663	2	321	111			
0.1647	2	313	211			
0.0823	2	323	111			
0.0447	3	313	211	111		
0.0447	3	323	211	-211		
0.0447	3	323	111	111		
0.058	2	311	213			
0.029	2	321	113			
0.029	2	321	223			
315						
10						
0.1663	2	311	111			
0.3327	2	321	-211			
0.0823	2	313	111			
0.1647	2	323	-211			
0.0447	3	323	-211	111		
0.0447	3	313	111	111		
0.0447	3	313	211	-211		
0.029	2	311	113			
0.058	2	321	-213			
0.029	2	311	223			
9000325						
5						
0.0667	2	323	111			
0.1333	2	313	211			
0.2	2	325	111			
0.4	2	315	211			
0.2	2	321	225			
9000315						
10						
0.333	2	321	-211			
0.166	2	311	111			
0.168	2	323	-211			
0.084	2	313	111			
0.087	3	323	-211	111		
0.043	3	313	211	-211		
0.059	2	321	-213			
0.029	2	311	113			
0.029	2	311	223			
0.002	2	311	221			
9000323						
5						
0.28	2	321	-213			
0.14	2	311	113			
0.313	2	323	-211			
0.157	2	313	111			
0.11	2	311	223			
9000313						
5						
0.28	2	311	213			
0.14	2	321	113			
0.313	2	313	211			
0.157	2	323	111			
0.11	2	321	223			
30323						
6						
0.258	2	311	211			
0.129	2	321	111			
0.209	2	311	213			
0.105	2	321	113			
0.199	2	313	211			
0.1	2	323	111			
30313						
6						
0.129	2	311	111			
0.258	2	321	-211			
0.105	2	311	113			
0.209	2	321	-213			
0.1	2	313	111			
0.199	2	323	-211			
10315						
2						
0.3333	2	315	111			
0.6667	2	325	-211			
10325						
2						
0.6667	2	315	211			
0.3333	2	325	111			
317						
9						
0.1033	2	311	113			
0.2067	2	321	-213			
0.0667	2	313	111			
0.1333	2	323	-211			
0.0627	2	311	111			
0.1253	2	321	-211			
0.3	2	311	221			
0.0267	2	315	111			
0.0533	2	325	-211			
327						
9						
0.2067	2	311	213			
0.1033	2	321	113			
0.1333	2	313	211			
0.0667	2	323	111			
0.1253	2	311	211			
0.0627	2	321	111			
0.3	2	321	221			
0.0533	2	315	211			
0.0267	2	325	111			
20325						
6						
0.1667	2	315	211			
0.0833	2	325	111			
0.1667	2	313	211			
0.0833	2	323	111			
0.25	2	321	225			
0.25	2	321	223			
20315						
6						
0.0833	2	315	111			
0.1667	2	325	-211			
0.0833	2	313	111			
0.1667	2	323	-211			
0.25	2	311	225			
0.25	2	311	223			
319						
17						
0.033	2	311	111			
0.066	2	321	-211			
0.03	3	323	-211	111		
0.03	3	313	111	111		
0.03	3	313	211	-211		
0.0175	4	323	-211	111	111	
0.0175	4	323	-211	211	-211	
0.0175	4	313	111	111	111	
0.0175	4	313	211	-211	111	
0.019	3	213	311	-211		
0.019	3	113	311	111		
0.019	3	113	321	-211		
0.016667	3	223	311	111		
0.033333	3	223	321	-211		
0.009333	3	333	311	111		
0.018667	3	333	321	-211		
0.014	2	333	313			
329						
19						
0.066	2	211	311			
0.033	2	111	321			
0.03	3	323	211	-211		
0.03	3	323	111	111		
0.03	3	313	211	111		
0.0175	4	323	211	-211	111	
0.0175	4	323	111	111	111	
0.0175	4	313	211	111	111	
0.0175	4	313	211	211	-211	
0.0114	3	213	311	111		
0.0114	3	213	321	-211		
0.0114	3	113	321	111		
0.0114	3	113	311	211		
0.0114	3	-213	321	211		
0.033333	3	223	211	311		
0.016667	3	223	111	321		
0.018667	3	333	311	211		
0.009333	3	333	321	111		
0.014	2	333	323			
421						
41						
0.026	2	-311	211			
0.019	2	-313	211			
0.066	2	-311	213			
0.041	2	-313	213			
0.045	2	-20313	211			
0.076	2	-311	20213			
0.0073	2	-311	321			
0.0047	2	-313	321			
0.0047	2	-311	323			
0.026	2	-313	323			
0.001	2	111	211			
0.006	2	111	213			
0.0066	2	221	211			
0.005	2	221	213			
0.003	2	331	211			
0.003	2	331	213			
0.0006	2	113	211			
0.0006	2	113	213			
0.001	2	223	211			
0.001	2	223	213			
0.006	2	333	211			
0.005	2	333	213			
0.012	3	-311	211	111		
0.0057	3	-313	211	113		
0.0067	3	-321	211	211		
0.008	3	-321	213	211		
0.0022	3	211	211	-211		
0.027	3	-311	321	-311		
0.004	3	-321	321	211		
0.019	3	333	211	111		
0.012	4	-311	211	211	-211	
0.002	4	-313	211	211	-211	
0.009	4	-321	211	211	111	
0.021	4	211	211	-211	111	
0.001	5	-321	211	211	211	-211
0.022	5	-321	211	211	111	111
0.087	5	-311	211	211	-211	111
1.00E-05	5	-311	113	211	211	-211
1.90E-05	5	-321	113	211	211	111
1.50E-05	5	211	211	211	-211	-211
2.80E-05	5	113	211	211	-211	111
411						
41						
0.026	2	-311	211			
0.019	2	-313	211			
0.066	2	-311	213			
0.041	2	-313	213			
0.045	2	-20313	211			
0.076	2	-311	20213			
0.0073	2	-311	321			
0.0047	2	-313	321			
0.0047	2	-311	323			
0.026	2	-313	323			
0.001	2	111	211			
0.006	2	111	213			
0.0066	2	221	211			
0.005	2	221	213			
0.003	2	331	211			
0.003	2	331	213			
0.0006	2	113	211			
0.0006	2	113	213			
0.001	2	223	211			
0.001	2	223	213			
0.006	2	333	211			
0.005	2	333	213			
0.012	3	-311	211	111		
0.0057	3	-313	211	113		
0.0067	3	-321	211	211		
0.008	3	-321	213	211		
0.0022	3	211	211	-211		
0.027	3	-311	321	-311		
0.004	3	-321	321	211		
0.019	3	333	211	111		
0.012	4	-311	211	211	-211	
0.002	4	-313	211	211	-211	
0.009	4	-321	211	211	111	
0.021	4	211	211	-211	111	
0.001	5	-321	211	211	211	-211
0.022	5	-321	211	211	111	111
0.087	5	-311	211	211	-211	111
1.00E-05	5	-311	113	211	211	-211
1.90E-05	5	-321	113	211	211	111
1.50E-05	5	211	211	211	-211	-211
2.80E-05	5	113	211	211	-211	111
423						
2						
0.619	2	421	111			
0.381	1	421				
413						
3						
0.683	2	421	211			
0.306	2	411	111			
0.011	1	411				
10411						
2						
0.667	2	421	211			
0.333	2	411	111			
10423						
2						
0.667	2	413	-211			
0.333	2	423	111			
10413						
2						
0.667	2	423	211			
0.333	2	413	111			
20423						
2						
0.667	2	413	-211			
0.333	2	423	111			
415						
8						
0.3	2	421	211			
0.15	2	411	111			
0.16	2	423	211			
0.08	2	413	111			
0.13	3	423	211	111		
0.06	3	413	211	-211		
0.08	3	421	211	111		
0.04	3	411	211	-211		
425						
8						
0.3	2	421	211			
0.15	2	411	111			
0.16	2	423	211			
0.08	2	413	111			
0.13	3	423	211	111		
0.06	3	413	211	-211		
0.08	3	421	211	111		
0.04	3	411	211	-211		
431						
20						
0.015	2	221	211			
0.037	2	331	211			
0.028	2	333	211			
0.079	2	221	213			
0.095	2	331	213			
0.052	2	333	213			
0.0078	2	10221	211			
0.001	2	211	111			
0.001	2	213	111			
0.001	2	211	113			
0.001	2	213	113			
0.002	1	-311				
0.003	1	-311				
0.002	1	-313				
0.005	2	323	-313			
0.001	2	2212	-2112			
0.005	2	221	321			
0.005	2	331	321			
0.005	2	333	321			
0.005	2	221	323			
433						
2						
0.94	1	431				
0.06	2	431	111			
10431						
1						
1	2	431	111			
20433						
1						
1	2	433	111			
10433						
2						
0.5	2	423	321			
0.5	2	413	311			
435						
4						
0.4	2	421	321			
0.4	2	411	311			
0.1	2	423	321			
0.1	2	413	311			
531						
19						
0.0035	2	-431	211			
0.011	2	-431	213			
0.0055	2	-431	20213			
0.0042	2	-433	211			
0.009	2	-433	213			
0.018	2	-433	20213			
0.015	2	-431	431			
0.0185	2	-431	433			
0.0135	2	-433	431			
0.025	2	-433	433			
0.0002	2	441	221			
0.0002	2	441	331			
0.0007	2	441	333			
0.0004	2	443	221			
0.0004	2	443	331			
0.0014	2	443	333			
0.0012	2	443	221			
0.0009	2	20443	331			
0.0025	2	20443	333			
533						
19						
0.0035	2	-431	211			
0.011	2	-431	213			
0.0055	2	-431	20213			
0.0042	2	-433	211			
0.009	2	-433	213			
0.018	2	-433	20213			
0.015	2	-431	431			
0.0185	2	-431	433			
0.0135	2	-433	431			
0.025	2	-433	433			
0.0002	2	441	221			
0.0002	2	441	331			
0.0007	2	441	333			
0.0004	2	443	221			
0.0004	2	443	331			
0.0014	2	443	333			
0.0012	2	443	221			
0.0009	2	20443	331			
0.0025	2	20443	333			
1114						
1						
1	2	2112	-211			
2224						
1						
1	2	2212	211			
2214						
2						
0.3333	2	2112	211			
0.6667	2	2212	111			
2114						
2						
0.6667	2	2112	111			
0.3333	2	2212	-211			
12212						
10						
0.4333	2	2112	211			
0.2167	2	2212	111			
0.125	2	2224	-211			
0.0833	2	2214	111			
0.0417	2	2114	211			
0.0267	2	2112	213			
0.0133	2	2212	113			
0.025	3	2212	111	111		
0.025	3	2212	211	-211		
0.025	3	2112	211	111		
12112						
10						
0.2167	2	2112	111			
0.4333	2	2212	-211			
0.0417	2	2214	-211			
0.0833	2	2114	111			
0.125	2	1114	211			
0.0133	2	2112	113			
0.0267	2	2212	-213			
0.025	3	2212	111	-211		
0.025	3	2112	111	111		
0.025	3	2112	211	-211		
2124						
10						
0.3667	2	2112	211			
0.1833	2	2212	111			
0.1	2	2224	-211			
0.0667	2	2214	111			
0.0333	2	2114	211			
0.1333	2	2112	213			
0.0667	2	2212	113			
0.0133	3	2212	111	111		
0.0133	3	2212	211	-211		
0.0133	3	2112	211	111		
1214						
10						
0.1833	2	2112	111			
0.3667	2	2212	-211			
0.0333	2	2214	-211			
0.0667	2	2114	111			
0.1	2	1114	211			
0.0667	2	2112	113			
0.1333	2	2212	-213			
0.0133	3	2212	111	-211		
0.0133	3	2112	111	111		
0.0133	3	2112	211	-211		
22112						
13						
0.15	2	2112	111			
0.3	2	2212	-211			
0.425	2	2112	221			
0.0008	2	2214	-211			
0.0017	2	2114	111			
0.0025	2	1114	211			
0.0067	2	2112	113			
0.0133	2	2212	-213			
0.005	3	2212	-211	111		
0.005	3	2112	111	111		
0.005	3	2112	211	-211		
0.0117	2	12112	111			
0.0233	2	12212	-211			
22212						
13						
0.3	2	2112	211			
0.15	2	2212	111			
0.425	2	2212	221			
0.0025	2	2224	-211			
0.0017	2	2214	111			
0.0008	2	2114	211			
0.0133	2	2112	213			
0.0067	2	2212	113			
0.005	3	2212	211	-211		
0.005	3	2212	111	111		
0.005	3	2112	211	111		
0.0233	2	12112	211			
0.0117	2	12212	111			
31114						
5						
0.175	2	2112	-211			
0.22	2	2114	-211			
0.33	2	1114	111			
0.125	2	2112	-213			
0.225	2	12112	-211			
32224						
5						
0.175	2	2212	211			
0.33	2	2224	111			
0.22	2	2214	211			
0.125	2	2212	213			
0.225	2	12212	211			
32114						
9						
0.1167	2	2112	111			
0.0583	2	2212	-211			
0.2933	2	2214	-211			
0.0367	2	2114	111			
0.22	2	1114	211			
0.0833	2	2112	113			
0.0417	2	2212	-213			
0.15	2	12112	111			
0.075	2	12212	-211			
32214						
9						
0.0583	2	2112	211			
0.1167	2	2212	111			
0.22	2	2224	-211			
0.0367	2	2214	111			
0.2933	2	2114	211			
0.0417	2	2112	213			
0.0833	2	2212	113			
0.075	2	12112	211			
0.15	2	12212	111			
2122						
7						
0.0833	2	2112	211			
0.1667	2	2212	111			
0.18	2	2224	-211			
0.03	2	2214	111			
0.24	2	2114	211			
0.0533	2	2112	213			
0.1067	2	2212	113			
1212						
7						
0.1667	2	2112	111			
0.0833	2	2212	-211			
0.24	2	2214	-211			
0.03	2	2114	111			
0.18	2	1114	211			
0.1067	2	2112	113			
0.0533	2	2212	-213			
2222						
4						
0.25	2	2212	211			
0.27	2	2224	111			
0.18	2	2214	211			
0.16	2	2212	213			
1112						
4						
0.25	2	2112	-211			
0.18	2	2114	-211			
0.27	2	1114	111			
0.16	2	2112	-213			
32212						
14						
0.4833	2	2112	211			
0.2417	2	2212	111			
0.065	2	2212	221			
0.07	2	3122	321			
0.02	2	2224	-211			
0.0133	2	2214	111			
0.0067	2	2114	211			
0.0533	2	2112	213			
0.0267	2	2212	113			
0.0067	3	2212	211	-211		
0.0067	3	2212	111	111		
0.0067	3	2112	211	111		
0.0167	2	12112	211			
0.0083	2	12212	111			
32112						
14						
0.2417	2	2112	111			
0.4833	2	2212	-211			
0.065	2	2112	221			
0.07	2	3122	311			
0.0067	2	2214	-211			
0.0133	2	2114	111			
0.02	2	1114	211			
0.0267	2	2112	113			
0.0533	2	2212	-213			
0.0067	3	2212	-211	111		
0.0067	3	2112	211	-211		
0.0067	3	2112	111	111		
0.0083	2	12112	111			
0.0167	2	12212	-211			
2116						
8						
0.15	2	2112	111			
0.3	2	2212	-211			
0.005	2	3122	311			
0.0917	2	2214	-211			
0.1833	2	2114	111			
0.275	2	1114	211			
0.0067	2	2112	113			
0.0133	2	2212	-213			
2216						
8						
0.3	2	2112	211			
0.15	2	2212	111			
0.005	2	3122	321			
0.275	2	2224	-211			
0.1833	2	2214	111			
0.0917	2	2114	211			
0.0133	2	2112	213			
0.0067	2	2212	113			
12116						
10						
0.2167	2	2112	111			
0.4333	2	2212	-211			
0.0167	2	2214	-211			
0.0333	2	2114	111			
0.05	2	1114	211			
0.03	2	2112	113			
0.06	2	2212	-213			
0.0417	3	2212	111	-211		
0.0417	3	2112	111	111		
0.0417	3	2112	211	-211		
12216						
10						
0.4333	2	2112	211			
0.2167	2	2212	111			
0.05	2	2224	-211			
0.0333	2	2214	111			
0.0167	2	2114	211			
0.06	2	2112	213			
0.03	2	2212	113			
0.0417	3	2212	111	111		
0.0417	3	2212	211	-211		
0.0417	3	2112	211	111		
12114						
7						
0.1	2	2112	111			
0.05	2	2212	-211			
0.24	2	2214	-211			
0.03	2	2114	111			
0.18	2	1114	211			
0.2833	2	2112	113			
0.1417	2	2212	-213			
11114						
4						
0.15	2	2112	-211			
0.18	2	2114	-211			
0.27	2	1114	111			
0.425	2	2112	-213			
22124						
6						
0.0667	2	2112	211			
0.0333	2	2212	111			
0.015	2	3122	321			
0.3	3	2212	111	111		
0.3	3	2212	211	-211		
0.3	3	2112	211	111		
12214						
7						
0.05	2	2112	211			
0.1	2	2212	111			
0.18	2	2224	-211			
0.03	2	2214	111			
0.24	2	2114	211			
0.1417	2	2112	213			
0.2833	2	2212	113			
21214						
6						
0.0333	2	2112	111			
0.0667	2	2212	-211			
0.015	2	3122	311			
0.3	3	2212	111	-211		
0.3	3	2112	111	111		
0.3	3	2112	211	-211		
12224						
4						
0.15	2	2212	211			
0.27	2	2224	111			
0.18	2	2214	211			
0.425	2	2212	213			
42112						
12						
0.05	2	2112	111			
0.1	2	2212	-211			
0.06	2	2112	221			
0.15	2	3122	311			
0.0458	2	2214	-211			
0.0917	2	2114	111			
0.1375	2	1114	211			
0.05	2	2112	113			
0.1	2	2212	-213			
0.0833	3	2212	111	-211		
0.0833	3	2112	111	111		
0.0833	3	2112	211	-211		
42212						
12						
0.1	2	2112	211			
0.05	2	2212	111			
0.06	2	2212	221			
0.15	2	3122	321			
0.1375	2	2224	-211			
0.0917	2	2214	111			
0.0458	2	2114	211			
0.1	2	2112	213			
0.05	2	2212	113			
0.0833	3	2212	111	111		
0.0833	3	2212	211	-211		
0.0833	3	2112	211	111		
32124						
6						
0.1	2	2112	211			
0.05	2	2212	111			
0.04	2	2212	221			
0.08	2	3122	321			
0.5167	2	2112	213			
0.2583	2	2212	113			
31214						
6						
0.05	2	2112	111			
0.1	2	2212	-211			
0.04	2	2112	221			
0.08	2	3122	311			
0.2583	2	2112	113			
0.5167	2	2212	-213			
1216						
7						
0.0667	2	2112	111			
0.0333	2	2212	-211			
0.0667	2	2214	-211			
0.0083	2	2114	111			
0.05	2	1114	211			
0.5333	2	2112	113			
0.2667	2	2212	-213			
2226						
4						
0.1	2	2212	211			
0.075	2	2224	111			
0.05	2	2214	211			
0.8	2	2212	213			
2126						
7						
0.0333	2	2112	211			
0.0667	2	2212	111			
0.05	2	2224	-211			
0.0083	2	2214	111			
0.0667	2	2114	211			
0.2667	2	2112	213			
0.5333	2	2212	113			
1116						
4						
0.1	2	2112	-211			
0.05	2	2114	-211			
0.075	2	1114	111			
0.8	2	2112	-213			
21212						
2						
0.15	2	2112	111			
0.075	2	2212	-211			
21112						
1						
0.225	2	2112	-211			
22222						
1						
0.225	2	2212	211			
22122						
2						
0.075	2	2112	211			
0.15	2	2212	111			
22114						
2						
0.0833	2	2112	111			
0.0417	2	2212	-211			
22224						
1						
0.125	2	2212	211			
21114						
1						
0.125	2	2112	-211			
22214						
2						
0.0417	2	2112	211			
0.0833	2	2212	111			
11116						
1						
0.15	2	2112	-211			
11216						
2						
0.1	2	2112	111			
0.05	2	2212	-211			
12126						
2						
0.05	2	2112	211			
0.1	2	2212	111			
12226						
1						
0.15	2	2212	211			
2218						
7						
0.125	2	2112	211			
0.25	2	2212	111			
0.1	2	2224	-211			
0.0167	2	2214	111			
0.1333	2	2114	211			
0.0167	2	2112	213			
0.0333	2	2212	113			
2118						
7						
0.25	2	2112	111			
0.125	2	2212	-211			
0.1333	2	2214	-211			
0.0167	2	2114	111			
0.1	2	1114	211			
0.0333	2	2112	113			
0.0167	2	2212	-213			
2228						
4						
0.375	2	2212	211			
0.15	2	2224	111			
0.1	2	2214	211			
0.05	2	2212	213			
1118						
4						
0.375	2	2112	-211			
0.1	2	2114	-211			
0.15	2	1114	111			
0.05	2	2112	-213			
2128						
2						
0.1	2	2112	211			
0.05	2	2212	111			
1218						
2						
0.05	2	2112	111			
0.1	2	2212	-211			
91						
2						
0.1	2	2112	211			
0.05	2	2212	111			
92						
2						
0.05	2	2112	111			
0.1	2	2212	-211			
93						
2						
0.0667	2	2112	211			
0.0333	2	2212	111			
94						
2						
0.0333	2	2112	111			
0.0667	2	2212	-211			
99						
2						
0.0667	2	2112	111			
0.0333	2	2212	-211			
98						
2						
0.0333	2	2112	211			
0.0667	2	2212	111			
97						
1						
0.1	2	2212	211			
910						
1						
0.1	2	2112	-211			
96						
2						
0.025	2	2112	111			
0.05	2	2212	-211			
95						
2						
0.05	2	2112	211			
0.025	2	2212	111			
5122						
8						
0.77	2	4122	-211			
0.02	2	4122	-213			
0.023	1	-20213				
0.028	1	-431				
0.043	1	-433				
0.011	2	441	3122			
0.022	2	443	3122			
0.044	2	20443	3122			
3122						
2						
0.639	2	2212	-211			
0.358	2	2112	111			
3222						
2						
0.5157	2	2212	111			
0.4831	2	2112	211			
3212						
1						
1	1	3122				
3112						
1						
0.2	2	2112	-211			
3224						
3						
0.88	2	3122	211			
0.06	2	3222	111			
0.06	2	3212	211			
3214						
3						
0.88	2	3122	111			
0.06	2	3222	-211			
0.06	2	3112	211			
3114						
3						
0.88	2	3122	-211			
0.06	2	3212	-211			
0.06	2	3112	111			
13122						
3						
0.3333	2	3222	-211			
0.3333	2	3212	111			
0.3333	2	3112	211			
3124						
12						
0.225	2	2212	-321			
0.225	2	2112	-311			
0.14	2	3222	-211			
0.14	2	3212	111			
0.14	2	3112	211			
0.05	3	3122	211	-211		
0.05	3	3122	111	111		
0.00225	3	3222	-211	111		
0.00225	3	3212	211	-211		
0.00225	3	3212	111	111		
0.00225	3	3112	211	111		
0.008	1	3122				
23122						
5						
0.1125	2	2212	-321			
0.1125	2	2112	-311			
0.1167	2	3222	-211			
0.1167	2	3212	111			
0.1167	2	3112	211			
13212						
2						
0.1	2	2212	-321			
0.1	2	2112	-311			
13112						
1						
0.2	2	2112	-321			
13222						
1						
0.2	2	2212	-311			
33122						
6						
0.125	2	2212	-321			
0.125	2	2112	-311			
0.1333	2	3222	-211			
0.1333	2	3212	111			
0.1333	2	3112	211			
0.175	2	3122	221			
13214						
5						
0.05	2	2212	-321			
0.05	2	2112	-311			
0.1	2	3122	111			
0.225	2	3222	-211			
0.225	2	3112	211			
13224						
4						
0.1	2	2212	-311			
0.1	2	3122	211			
0.225	2	3222	111			
0.225	2	3212	211			
13114						
4						
0.1	2	2112	-321			
0.1	2	3122	-211			
0.225	2	3212	-211			
0.225	2	3112	111			
13124						
11						
0.125	2	2212	-321			
0.125	2	2112	-311			
0.1	2	3222	-211			
0.1	2	3212	111			
0.1	2	3112	211			
0.125	3	3122	111	111		
0.125	3	3122	211	-211		
0.05	3	3222	-211	111		
0.05	3	3212	211	-211		
0.05	3	3212	111	111		
0.05	3	3112	211	111		
23212						
5						
0.125	2	2212	-321			
0.125	2	2112	-311			
0.02	2	3222	-211			
0.02	2	3112	211			
0.35	2	3212	221			
23112						
4						
0.25	2	2112	-321			
0.02	2	3212	-211			
0.02	2	3112	111			
0.35	2	3112	221			
23222						
4						
0.25	2	2212	-311			
0.02	2	3222	111			
0.02	2	3212	211			
0.35	2	3222	221			
3216						
8						
0.2	2	2212	-321			
0.2	2	2112	-311			
0.17	2	3122	111			
0.0175	2	3222	-211			
0.0175	2	3112	211			
0.05	2	3224	-211			
0.05	2	3114	211			
0.2	2	3124	111			
3226						
7						
0.4	2	2212	-311			
0.17	2	3122	211			
0.0175	2	3222	111			
0.0175	2	3212	211			
0.05	2	3224	111			
0.05	2	3214	211			
0.2	2	3124	211			
3116						
7						
0.4	2	2112	-321			
0.17	2	3122	-211			
0.0175	2	3212	-211			
0.0175	2	3112	111			
0.05	2	3214	-211			
0.05	2	3114	111			
0.2	2	3124	-211			
43122						
2						
0.1625	2	2212	-321			
0.1625	2	2112	-311			
53122						
7						
0.175	2	2212	-321			
0.175	2	2112	-311			
0.0833	2	3222	-211			
0.0833	2	3212	111			
0.0833	2	3112	211			
0.225	2	2212	-323			
0.225	2	2112	-313			
3126						
8						
0.3	2	2212	-321			
0.3	2	2112	-311			
0.0367	2	3222	-211			
0.0367	2	3212	111			
0.0367	2	3112	211			
0.025	2	3224	-211			
0.025	2	3214	111			
0.025	2	3114	211			
13126						
8						
0.0325	2	2212	-321			
0.0325	2	2112	-311			
0.1833	2	3222	-211			
0.1833	2	3212	111			
0.1833	2	3112	211			
0.1283	2	3224	-211			
0.1283	2	3214	111			
0.1283	2	3114	211			
23124						
5						
0.1375	2	2212	-321			
0.1375	2	2112	-311			
0.0217	2	3222	-211			
0.0217	2	3212	111			
0.0217	2	3112	211			
13116						
3						
0.1	2	2112	-321			
0.0125	2	3214	-211			
0.0125	2	3114	111			
13226						
3						
0.1	2	2212	-311			
0.0125	2	3224	111			
0.0125	2	3214	211			
13216						
4						
0.05	2	2212	-321			
0.05	2	2112	-311			
0.0125	2	3224	-211			
0.0125	2	3114	211			
23224						
1						
0.1	2	2212	-311			
23114						
1						
0.1	2	2112	-321			
23214						
2						
0.05	2	2212	-321			
0.05	2	2112	-311			
3118						
11						
0.2	2	2112	-321			
0.2	2	3122	-211			
0.0375	2	3212	-211			
0.0375	2	3112	111			
0.01	2	3312	311			
0.05	2	3214	-211			
0.05	2	3114	111			
0.15	2	3124	-211			
0.0375	2	2114	-321			
0.1125	2	1114	-311			
0.025	2	2112	-323			
3228						
11						
0.2	2	2212	-311			
0.2	2	3122	211			
0.0375	2	3222	111			
0.0375	2	3212	211			
0.01	2	3322	321			
0.05	2	3224	111			
0.05	2	3214	211			
0.15	2	3124	211			
0.1125	2	2224	-321			
0.0375	2	2214	-311			
0.025	2	2212	-313			
3218						
14						
0.1	2	2212	-321			
0.1	2	2112	-311			
0.2	2	3122	111			
0.0375	2	3222	-211			
0.0375	2	3112	211			
0.005	2	3322	311			
0.005	2	3312	321			
0.05	2	3224	-211			
0.05	2	3114	211			
0.15	2	3124	111			
0.075	2	2214	-321			
0.075	2	2114	-311			
0.0125	2	2212	-323			
0.0125	2	2112	-313			
3128						
11						
0.15	2	2212	-321			
0.15	2	2112	-311			
0.0167	2	3222	-211			
0.0167	2	3212	111			
0.0167	2	3112	211			
0.015	2	3122	221			
0.0075	2	3322	311			
0.0075	2	3312	321			
0.04	2	3122	223			
0.075	2	2212	-323			
0.075	2	2112	-313			
23126						
7						
0.075	2	2212	-321			
0.075	2	2112	-311			
0.0833	2	3222	-211			
0.0833	2	3212	111			
0.0833	2	3112	211			
0.175	2	2212	-323			
0.175	2	2112	-313			
911						
5						
0.06	2	2212	-321			
0.06	2	2112	-311			
0.0333	2	3222	-211			
0.0333	2	3212	111			
0.0333	2	3112	211			
3322						
1						
0.99522	2	3122	111			
3312						
1						
0.99887	2	3122	-211			
3324						
2						
0.6667	2	3312	211			
0.3333	2	3322	111			
3314						
2						
0.3333	2	3312	111			
0.6667	2	3322	-211			
23324						
5						
0.33	2	3122	-311			
0.22	2	3222	-321			
0.11	2	3212	-311			
0.11	2	3322	111			
0.22	2	3312	211			
23314						
5						
0.33	2	3122	-321			
0.11	2	3212	-321			
0.22	2	3112	-311			
0.22	2	3322	-211			
0.11	2	3312	111			
13324						
1						
1	2	3122	-311			
13314						
1						
1	2	3122	-321			
33324						
3						
0.5	2	3122	-311			
0.167	2	3322	111			
0.333	2	3312	211			
33314						
3						
0.5	2	3122	-321			
0.167	2	3312	111			
0.333	2	3322	-211			
43314						
3						
0.2	2	3122	-321			
0.2667	2	3212	-321			
0.5333	2	3112	-311			
43324						
3						
0.2	2	3122	-311			
0.5333	2	3222	-321			
0.2667	2	3212	-311			
3334						
3						
0.678	2	3122	-321			
0.236	2	3322	-211			
0.086	2	3312	111			
4122						
52						
0.66	2	2224	-321			
0.025	2	2224	-323			
0.016	2	2212	-311			
0.088	2	2212	-313			
0.005	2	2214	-311			
0.005	2	2214	-313			
0.005	2	3122	211			
0.005	2	3122	213			
0.005	2	3212	211			
0.004	2	3212	213			
0.004	2	3214	211			
0.004	2	3214	213			
0.004	2	3222	111			
0.002	2	3222	221			
0.002	2	3222	331			
0.004	2	3222	113			
0.004	2	3222	223			
0.003	2	3224	111			
0.002	2	3224	221			
0.003	2	3224	113			
0.003	2	3224	223			
0.002	2	3322	321			
0.002	2	3322	323			
0.002	2	3324	321			
0.001	2	2224	-211			
0.001	2	2224	-213			
0.002	2	2212	111			
0.001	2	2212	221			
0.001	2	2212	331			
0.002	2	2212	113			
0.002	2	2212	223			
0.001	2	2212	333			
0.001	2	2212	10221			
0.001	2	2214	111			
0.001	2	2214	221			
0.001	2	2214	331			
0.001	2	2214	113			
0.001	2	2214	223			
0.003	2	2112	211			
0.003	2	2112	213			
0.003	2	2114	211			
0.003	2	2114	213			
0.005	2	3122	321			
0.005	2	3122	323			
0.002	2	3212	321			
0.002	2	3212	323			
0.001	2	3214	321			
0.001	2	3214	323			
0.002	2	3222	311			
0.002	2	3222	313			
0.001	2	3224	311			
0.001	2	3224	313			
4212						
1						
1	2	4122	111			
4112						
1						
1	2	4122	111			
4222						
1						
1	2	4122	211			
4214						
1						
1	2	4122	111			
4114						
1						
1	2	4122	211			
4224						
1						
1	2	4122	211			
4322						
1						
1	1	4232				
4312						
1						
1	1	4132				
14122						
52						
0.0066	2	2224	-321			
0.025	2	2224	-323			
0.016	2	2212	-311			
0.0088	2	2212	-313			
0.005	2	2214	-311			
0.005	2	2214	-313			
0.0058	2	3122	211			
0.005	2	3122	213			
0.0055	2	3212	211			
0.004	2	3212	213			
0.004	2	3214	211			
0.004	2	3214	213			
0.004	2	3222	111			
0.002	2	3222	221			
0.002	2	3222	331			
0.004	2	3222	113			
0.004	2	3222	223			
0.003	2	3224	111			
0.002	2	3224	221			
0.003	2	3224	113			
0.003	2	3224	223			
0.002	2	3322	321			
0.002	2	3322	323			
0.002	2	3324	321			
0.001	2	2224	-211			
0.001	2	2224	-213			
0.002	2	2212	111			
0.001	2	2212	221			
0.001	2	2212	331			
0.002	2	2212	113			
0.002	2	2212	223			
0.0013	2	2212	333			
0.0018	2	2212	10221			
0.001	2	2214	111			
0.001	2	2214	221			
0.001	2	2214	331			
0.001	2	2214	113			
0.001	2	2214	223			
0.003	2	2112	211			
0.003	2	2112	213			
0.003	2	2114	211			
0.003	2	2114	213			
0.005	2	3122	321			
0.005	2	3122	323			
0.002	2	3212	321			
0.002	2	3212	323			
0.001	2	3214	321			
0.001	2	3214	323			
0.002	2	3222	311			
0.002	2	3222	313			
0.001	2	3224	311			
0.001	2	3224	313			
4314						
2						
0.5	2	4132	111			
0.5	1	4132				
4324						
2						
0.5	2	4232	111			
0.5	1	4232				

\\Taken from THERMUS3.0