432
111	pi(0135)zer	1	0.134977	1	0	0	0
211	pi(0139)plu	1	0.13957	1	0	1	0
-211	pi(0139)min	1	0.13957	1	0	-1	0
321	K(0492)plu	1	0.493677	1	0	1	1
-321	K(0492)min	1	0.493677	1	0	-1	-1
310	K0s(0492)zer	0	0.493677	1	0	0	0
130	K0l(0492)zer	1	0.493677	1	0	0	0
311	K(0492)zer	0	0.497672	1	0	0	1
-311	K(0492)zrb	0	0.497672	1	0	0	-1
221	eta(0547)zer	0	0.547862	1	0	0	0
9000221	f0(0600)zer	0	0.55	1	0	0	0
9000321	K0*(800)plu	0	0.67	3	0	1	1
-9000321	K0*(800)min	0	0.67	3	0	-1	-1
9000311	K0*(800)zer	0	0.67	3	0	0	1
-9000311	K0*(800)zrb	0	0.67	3	0	0	-1
213	rho(0770)plu	0	0.77526	3	0	1	0
-213	rho(0770)min	0	0.77526	3	0	-1	0
113	rho(0770)zer	0	0.77526	3	0	0	0
223	omega0(0782)zer	0	0.78265	3	0	0	0
323	K*(0892)plu	0	0.89166	3	0	1	1
-323	K*(0892)min	0	0.89166	3	0	-1	-1
313	K*(0892)zer	0	0.89581	3	0	0	1
-313	K*(0892)zrb	0	0.89581	3	0	0	-1
2212	pr(0938)plu	1	0.938272	2	1	1	0
-2212	pr(0938)plb	1	0.938272	2	-1	-1	0
2112	ne(0939)zer	1	0.939565	2	1	0	0
-2112	ne(0939)zrb	1	0.939565	2	-1	0	0
331	eta0prime	0	0.95778	1	0	0	0
9010221	f0(0980)zer	0	0.98	1	0	0	0
9000211	a0(0980)plu	0	0.98	1	0	1	0
-9000211	a0(0980)min	0	0.98	1	0	-1	0
9000111	a0(0980)zer	0	0.98	1	0	0	0
333	phi(1020)zer	0	1.01942	3	0	0	0
3122	Lm(1115)zer	0	1.11568	2	1	0	-1
-3122	Lm(1115)zrb	0	1.11568	2	-1	0	1
9000213	pi1(1400)plu	0	1.1376	3	0	1	0
-9000213	pi1(1400)min	0	1.1376	3	0	-1	0
9000113	pi1(1400)zer	0	1.1376	3	0	0	0
9010213	pi1(1600)plu	0	1.1662	3	0	1	0
-9010213	pi1(1600)min	0	1.1662	3	0	-1	0
9010113	pi1(1600)zer	0	1.1662	3	0	0	0
10223	h1(1170)zer	0	1.17	3	0	0	0
3222	Sg(1189)plu	0	1.189	2	1	1	-1
-3222	Sg(1189)plb	0	1.189	2	-1	-1	1
3212	Sg(1189)zer	0	1.193	2	1	0	-1
-3212	Sg(1189)zrb	0	1.193	2	-1	0	1
3112	Sg(1189)min	0	1.197	2	1	-1	-1
-3112	Sg(1189)mnb	0	1.197	2	-1	1	1
10213	b1(1235)plu	0	1.2295	3	0	1	0
10113	b1(1235)zer	0	1.2295	3	0	0	0
-10213	b1(1235)min	0	1.2295	3	0	-1	0
20213	a1(1260)plu	0	1.23	3	0	1	0
-20213	a1(1260)min	0	1.23	3	0	-1	0
20113	a1(1260)zer	0	1.23	3	0	0	0
2224	Dl(1232)plp	0	1.232	4	1	2	0
2214	Dl(1232)plu	0	1.232	4	1	1	0
2114	Dl(1232)zer	0	1.232	4	1	0	0
1114	Dl(1232)min	0	1.232	4	1	-1	0
-2224	Dl(1232)ppb	0	1.232	4	-1	-2	0
-2214	Dl(1232)plb	0	1.232	4	-1	-1	0
-2114	Dl(1232)zrb	0	1.232	4	-1	0	0
-1114	Dl(1232)mnb	0	1.232	4	-1	1	0
10323	K1(1270)plu	0	1.273	3	0	1	1
-10323	K1(1270)min	0	1.273	3	0	-1	-1
10313	K1(1270)zer	0	1.273	3	0	0	1
-10313	K1(1270)zrb	0	1.273	3	0	0	-1
225	f2(1270)zer	0	1.2754	5	0	0	0
20223	f1(1285)zer	0	1.2819	3	0	0	0
100221	eta(1295)zer	0	1.294	1	0	0	0
100211	pi(1300)plu	0	1.3	1	0	1	0
-100211	pi(1300)min	0	1.3	1	0	-1	0
100111	pi(1300)zer	0	1.3	1	0	0	0
3322	Xi(1321)zer	0	1.31483	2	1	0	-2
-3322	Xi(1321)zrb	0	1.31483	2	-1	0	2
215	a2(1320)plu	0	1.3183	5	0	1	0
-215	a2(1320)min	0	1.3183	5	0	-1	0
115	a2(1320)zer	0	1.3183	5	0	0	0
3312	Xi(1321)min	0	1.32131	2	1	-1	-2
-3312	Xi(1321)mnb	0	1.32131	2	-1	1	2
10221	f0(1370)zer	0	1.35	1	0	0	0
3224	Sg(1385)plu	0	1.3828	4	1	1	-1
-3224	Sg(1385)plb	0	1.3828	4	-1	-1	1
3214	Sg(1385)zer	0	1.3837	4	1	0	-1
-3214	Sg(1385)zrb	0	1.3837	4	-1	0	1
10333	h1(1380)zer	0	1.386	3	0	0	0
3114	Sg(1385)min	0	1.3872	4	1	-1	-1
-3114	Sg(1385)mnb	0	1.3872	4	-1	1	1
20323	K1(1400)plu	0	1.403	3	0	1	1
-20323	K1(1400)min	0	1.403	3	0	-1	-1
20313	K1(1400)zer	0	1.403	3	0	0	1
-20313	K1(1400)zrb	0	1.403	3	0	0	-1
13122	Lm(1405)zer	0	1.406	2	1	0	-1
-13122	Lm(1405)zrb	0	1.406	2	-1	0	1
100323	K*(1410)plu	0	1.414	3	0	1	1
-100323	K*(1410)min	0	1.414	3	0	-1	-1
100313	K*(1410)zer	0	1.414	3	0	0	1
-100313	K*(1410)zrb	0	1.414	3	0	0	-1
100223	omega(1420)zer	0	1.419	3	0	0	0
325	K2*(1430)plu	0	1.4256	5	0	1	1
-325	K2*(1430)min	0	1.4256	5	0	-1	-1
315	K2*(1430)zer	0	1.4256	5	0	0	1
-315	K2*(1430)zrb	0	1.4256	5	0	0	-1
10321	K0*(1430)plu	0	1.4256	1	0	1	1
-10321	K0*(1430)min	0	1.4256	1	0	-1	-1
10311	K0*(1430)zer	0	1.4256	1	0	0	1
-10311	K0*(1430)zrb	0	1.4256	1	0	0	-1
9000325	K2(1580)plu	0	1.4256	5	0	1	1
-9000325	K2(1580)min	0	1.4256	5	0	-1	-1
9000315	K2(1580)zer	0	1.4256	5	0	0	1
-9000315	K2(1580)zrb	0	1.4256	5	0	0	-1
20333	f1(1420)zer	0	1.4263	3	0	0	0
12212	Ns(1440)plu	0	1.44	2	1	1	0
12112	Ns(1440)zer	0	1.44	2	1	0	0
-12212	Ns(1440)plb	0	1.44	2	-1	-1	0
-12112	Ns(1440)zrb	0	1.44	2	-1	0	0
9000225	f2(1430)zer	0	1.4535	5	0	0	0
100213	rho(1450)plu	0	1.465	3	0	1	0
-100213	rho(1450)min	0	1.465	3	0	-1	0
100113	rho(1450)zer	0	1.465	3	0	0	0
10211	a0(1450)plu	0	1.474	1	0	1	0
-10211	a0(1450)min	0	1.474	1	0	-1	0
10111	a0(1450)zer	0	1.474	1	0	0	0
9020221	f0(1500)zer	0	1.507	1	0	0	0
3124	Lm(1520)zer	0	1.5195	4	1	0	-1
-3124	Lm(1520)zrb	0	1.5195	4	-1	0	1
2124	Ns(1520)plu	0	1.52	4	1	1	0
1214	Ns(1520)zer	0	1.52	4	1	0	0
-2124	Ns(1520)plb	0	1.52	4	-1	-1	0
-1214	Ns(1520)zrb	0	1.52	4	-1	0	0
335	f2'(1525)zer	0	1.525	5	0	0	0
3324	Xi(1530)zer	0	1.5318	4	1	0	-2
-3324	Xi(1530)zrb	0	1.5318	4	-1	0	2
22212	Ns(1535)plu	0	1.535	2	1	1	0
22112	Ns(1535)zer	0	1.535	2	1	0	0
-22212	Ns(1535)plb	0	1.535	2	-1	-1	0
-22112	Ns(1535)zrb	0	1.535	2	-1	0	0
3314	Xi(1530)min	0	1.535	4	1	-1	-2
-3314	Xi(1530)mnb	0	1.535	4	-1	1	2
32224	Dl(1600)plp	0	1.6	4	1	2	0
32214	Dl(1600)plu	0	1.6	4	1	1	0
32114	Dl(1600)zer	0	1.6	4	1	0	0
31114	Dl(1600)min	0	1.6	4	1	-1	0
-32224	Dl(1600)ppb	0	1.6	4	-1	-2	0
-32214	Dl(1600)plb	0	1.6	4	-1	-1	0
-32114	Dl(1600)zrb	0	1.6	4	-1	0	0
-31114	Dl(1600)mnb	0	1.6	4	-1	1	0
23122	Lm(1600)zer	0	1.6	2	1	0	-1
-23122	Lm(1600)zrb	0	1.6	2	-1	0	1
10225	eta2(1645)zer	0	1.617	5	0	0	0
2222	Dl(1620)plp	0	1.62	2	1	2	0
2122	Dl(1620)plu	0	1.62	2	1	1	0
1212	Dl(1620)zer	0	1.62	2	1	0	0
1112	Dl(1620)min	0	1.62	2	1	-1	0
-2222	Dl(1620)ppb	0	1.62	2	-1	-2	0
-2122	Dl(1620)plb	0	1.62	2	-1	-1	0
-1212	Dl(1620)zrb	0	1.62	2	-1	0	0
-1112	Dl(1620)mnb	0	1.62	2	-1	1	0
9020225	f2(1640)zer	0	1.639	5	0	0	0
9020213	a1(1640)plu	0	1.647	3	0	1	0
-9020213	a1(1640)min	0	1.647	3	0	-1	0
9020113	a1(1640)zer	0	1.647	3	0	0	0
32212	Ns(1650)plu	0	1.65	2	1	1	0
32112	Ns(1650)zer	0	1.65	2	1	0	0
-32212	Ns(1650)plb	0	1.65	2	-1	-1	0
-32112	Ns(1650)zrb	0	1.65	2	-1	0	0
9000323	K1(1650)plu	0	1.65	3	0	1	1
-9000323	K1(1650)min	0	1.65	3	0	-1	-1
9000313	K1(1650)zer	0	1.65	3	0	0	1
-9000313	K1(1650)zrb	0	1.65	3	0	0	-1
30223	omega(1650)zer	0	1.65	3	0	0	0
13222	Sg(1660)plu	0	1.66	2	1	1	-1
13112	Sg(1660)min	0	1.66	2	1	-1	-1
13212	Sg(1660)zer	0	1.66	2	1	0	-1
-13222	Sg(1660)plb	0	1.66	2	-1	-1	1
-13112	Sg(1660)mnb	0	1.66	2	-1	1	1
-13212	Sg(1660)zrb	0	1.66	2	-1	0	1
227	omega3(1670)zer	0	1.667	7	0	0	0
33122	Lm(1670)zer	0	1.67	2	1	0	-1
-33122	Lm(1670)zrb	0	1.67	2	-1	0	1
13224	Sg(1670)plu	0	1.67	4	1	1	-1
13114	Sg(1670)min	0	1.67	4	1	-1	-1
13214	Sg(1670)zer	0	1.67	4	1	0	-1
-13224	Sg(1670)plb	0	1.67	4	-1	-1	1
-13114	Sg(1670)mnb	0	1.67	4	-1	1	1
-13214	Sg(1670)zrb	0	1.67	4	-1	0	1
10215	pi2(1670)plu	0	1.672	5	0	1	0
-10215	pi2(1670)min	0	1.672	5	0	-1	0
10115	pi2(1670)zer	0	1.672	5	0	0	0
3334	Omega(1672)min	1	1.67245	4	1	-1	-3
-3334	Omega(1672)mnb	1	1.67245	4	-1	1	3
2216	Ns(1675)plu	0	1.675	6	1	1	0
2116	Ns(1675)zer	0	1.675	6	1	0	0
-2216	Ns(1675)plb	0	1.675	6	-1	-1	0
-2116	Ns(1675)zrb	0	1.675	6	-1	0	0
12216	Ns(1680)plu	0	1.68	6	1	1	0
12116	Ns(1680)zer	0	1.68	6	1	0	0
-12216	Ns(1680)plb	0	1.68	6	-1	-1	0
-12116	Ns(1680)zrb	0	1.68	6	-1	0	0
100333	phi(1680)zer	0	1.68	3	0	0	0
217	rho3(1690)plu	0	1.688	7	0	1	0
-217	rho3(1690)min	0	1.688	7	0	-1	0
117	rho3(1690)zer	0	1.688	7	0	0	0
13124	Lm(1690)zer	0	1.69	4	1	0	-1
-13124	Lm(1690)zrb	0	1.69	4	-1	0	1
23314	Xi(1690)min	0	1.69	4	1	-1	-2
-23314	Xi(1690)mnb	0	1.69	4	-1	1	2
23324	Xi(1690)zer	0	1.69	4	1	0	-2
-23324	Xi(1690)zrb	0	1.69	4	-1	0	2
22124	Ns(1700)plu	0	1.7	4	1	1	0
21214	Ns(1700)zer	0	1.7	4	1	0	0
-22124	Ns(1700)plb	0	1.7	4	-1	-1	0
-21214	Ns(1700)zrb	0	1.7	4	-1	0	0
12224	Dl(1700)plp	0	1.7	4	1	2	0
12214	Dl(1700)plu	0	1.7	4	1	1	0
12114	Dl(1700)zer	0	1.7	4	1	0	0
11114	Dl(1700)min	0	1.7	4	1	-1	0
-12224	Dl(1700)ppb	0	1.7	4	-1	-2	0
-12214	Dl(1700)plb	0	1.7	4	-1	-1	0
-12114	Dl(1700)zrb	0	1.7	4	-1	0	0
-11114	Dl(1700)mnb	0	1.7	4	-1	1	0
9000215	a2(1700)plu	0	1.7	5	0	1	0
-9000215	a2(1700)min	0	1.7	5	0	-1	0
9000115	a2(1700)zer	0	1.7	5	0	0	0
42212	Ns(1710)plu	0	1.71	2	1	1	0
42112	Ns(1710)zer	0	1.71	2	1	0	0
-42212	Ns(1710)plb	0	1.71	2	-1	-1	0
-42112	Ns(1710)zrb	0	1.71	2	-1	0	0
30323	K*(1680)plu	0	1.717	3	0	1	1
-30323	K*(1680)min	0	1.717	3	0	-1	-1
30313	K*(1680)zer	0	1.717	3	0	0	1
-30313	K*(1680)zrb	0	1.717	3	0	0	-1
32124	Ns(1720)plu	0	1.72	4	1	1	0
31214	Ns(1720)zer	0	1.72	4	1	0	0
-32124	Ns(1720)plb	0	1.72	4	-1	-1	0
-31214	Ns(1720)zrb	0	1.72	4	-1	0	0
30213	rho(1700)plu	0	1.72	3	0	1	0
-30213	rho(1700)min	0	1.72	3	0	-1	0
30113	rho(1700)zer	0	1.72	3	0	0	0
10331	f0(1710)zer	0	1.722	1	0	0	0
23222	Sg(1750)plu	0	1.75	2	1	1	-1
23112	Sg(1750)min	0	1.75	2	1	-1	-1
23212	Sg(1750)zer	0	1.75	2	1	0	-1
-23222	Sg(1750)plb	0	1.75	2	-1	-1	1
-23112	Sg(1750)mnb	0	1.75	2	-1	1	1
-23212	Sg(1750)zrb	0	1.75	2	-1	0	1
9040221	eta(1760)zer	0	1.756	1	0	0	0
10325	K2(1770)plu	0	1.773	5	0	1	1
-10325	K2(1770)min	0	1.773	5	0	-1	-1
10315	K2(1770)zer	0	1.773	5	0	0	1
-10315	K2(1770)zrb	0	1.773	5	0	0	-1
3226	Sg(1775)plu	0	1.775	6	1	1	-1
3116	Sg(1775)min	0	1.775	6	1	-1	-1
3216	Sg(1775)zer	0	1.775	6	1	0	-1
-3226	Sg(1775)plb	0	1.775	6	-1	-1	1
-3116	Sg(1775)mnb	0	1.775	6	-1	1	1
-3216	Sg(1775)zrb	0	1.775	6	-1	0	1
327	K3*(1780)plu	0	1.776	7	0	1	1
-327	K3*(1780)min	0	1.776	7	0	-1	-1
317	K3*(1780)zer	0	1.776	7	0	0	1
-317	K3*(1780)zrb	0	1.776	7	0	0	-1
43122	Lm(1800)zer	0	1.8	2	1	0	-1
-43122	Lm(1800)zrb	0	1.8	2	-1	0	1
53122	Lm(1810)zer	0	1.81	2	1	0	-1
-53122	Lm(1810)zrb	0	1.81	2	-1	0	1
200211	pi(1800)plu	0	1.812	1	0	1	0
-200211	pi(1800)min	0	1.812	1	0	-1	0
200111	pi(1800)zer	0	1.812	1	0	0	0
9030225	f2(1810)zer	0	1.815	5	0	0	0
9040225	f2(1910)zer	0	1.815	5	0	0	0
20325	K2(1820)plu	0	1.816	5	0	1	1
-20325	K2(1820)min	0	1.816	5	0	-1	-1
20315	K2(1820)zer	0	1.816	5	0	0	1
-20315	K2(1820)zrb	0	1.816	5	0	0	-1
3126	Lm(1820)zer	0	1.82	2	1	0	-1
-3126	Lm(1820)zrb	0	1.82	2	-1	0	1
13314	Xi(1820)min	0	1.823	4	1	-1	-2
-13314	Xi(1820)mnb	0	1.823	4	-1	1	2
13324	Xi(1820)zer	0	1.823	4	1	0	-2
-13324	Xi(1820)zrb	0	1.823	4	-1	0	2
13126	Lm(1830)zer	0	1.83	2	1	0	-1
-13126	Lm(1830)zrb	0	1.83	2	-1	0	1
337	phi3(1850)zer	0	1.854	7	0	0	0
411	D(1800)plu	0	1.8693	1	0	1	0
-411	D(1800)min	0	1.8693	1	0	-1	0
421	D0(1800)zer	0	1.8693	1	0	0	0
-421	D0(1800)zrb	0	1.8693	1	0	0	0
23124	Lm(1890)zer	0	1.89	4	1	0	-1
-23124	Lm(1890)zrb	0	1.89	4	-1	0	1
2226	Dl(1905)plp	0	1.905	6	1	2	0
2126	Dl(1905)plu	0	1.905	6	1	1	0
1216	Dl(1905)zer	0	1.905	6	1	0	0
1116	Dl(1905)min	0	1.905	6	1	-1	0
-2226	Dl(1905)ppb	0	1.905	6	-1	-2	0
-2126	Dl(1905)plb	0	1.905	6	-1	-1	0
-1216	Dl(1905)zrb	0	1.905	6	-1	0	0
-1116	Dl(1905)mnb	0	1.905	6	-1	1	0
22222	Dl(1910)plp	0	1.91	2	1	2	0
22122	Dl(1910)plu	0	1.91	2	1	1	0
21212	Dl(1910)zer	0	1.91	2	1	0	0
21112	Dl(1910)min	0	1.91	2	1	-1	0
-22222	Dl(1910)ppb	0	1.91	2	-1	-2	0
-22122	Dl(1910)plb	0	1.91	2	-1	-1	0
-21212	Dl(1910)zrb	0	1.91	2	-1	0	0
-21112	Dl(1910)mnb	0	1.91	2	-1	1	0
13226	Sg(1915)plu	0	1.915	6	1	1	-1
13116	Sg(1915)min	0	1.915	6	1	-1	-1
13216	Sg(1915)zer	0	1.915	6	1	0	-1
-13226	Sg(1915)plb	0	1.915	6	-1	-1	1
-13116	Sg(1915)mnb	0	1.915	6	-1	1	1
-13216	Sg(1915)zrb	0	1.915	6	-1	0	1
22224	Dl(1920)plp	0	1.92	4	1	2	0
22214	Dl(1920)plu	0	1.92	4	1	1	0
22114	Dl(1920)zer	0	1.92	4	1	0	0
21114	Dl(1920)min	0	1.92	4	1	-1	0
-22224	Dl(1920)ppb	0	1.92	4	-1	-2	0
-22214	Dl(1920)plb	0	1.92	4	-1	-1	0
-22114	Dl(1920)zrb	0	1.92	4	-1	0	0
-21114	Dl(1920)mnb	0	1.92	4	-1	1	0
12226	Dl(1930)plp	0	1.93	6	1	2	0
12126	Dl(1930)plu	0	1.93	6	1	1	0
11216	Dl(1930)zer	0	1.93	6	1	0	0
11116	Dl(1930)min	0	1.93	6	1	-1	0
-12226	Dl(1930)ppb	0	1.93	6	-1	-2	0
-12126	Dl(1930)plb	0	1.93	6	-1	-1	0
-11216	Dl(1930)zrb	0	1.93	6	-1	0	0
-11116	Dl(1930)mnb	0	1.93	6	-1	1	0
23224	Sg(1940)plu	0	1.94	4	1	1	-1
23114	Sg(1940)min	0	1.94	4	1	-1	-1
23214	Sg(1940)zer	0	1.94	4	1	0	-1
-23224	Sg(1940)plb	0	1.94	4	-1	-1	1
-23114	Sg(1940)mnb	0	1.94	4	-1	1	1
-23214	Sg(1940)zrb	0	1.94	4	-1	0	1
2228	Dl(1950)plp	0	1.95	8	1	2	0
2218	Dl(1950)plu	0	1.95	8	1	1	0
2118	Dl(1950)zer	0	1.95	8	1	0	0
1118	Dl(1950)min	0	1.95	8	1	-1	0
-2228	Dl(1950)ppb	0	1.95	8	-1	-2	0
-2218	Dl(1950)plb	0	1.95	8	-1	-1	0
-2118	Dl(1950)zrb	0	1.95	8	-1	0	0
-1118	Dl(1950)mnb	0	1.95	8	-1	1	0
33314	Xi(1950)min	0	1.95	4	1	-1	-2
-33314	Xi(1950)mnb	0	1.95	4	-1	1	2
33324	Xi(1950)zer	0	1.95	4	1	0	-2
-33324	Xi(1950)zrb	0	1.95	4	-1	0	2
431	Ds(1968)plu	0	1.96849	1	0	1	-1
-431	Ds(1968)min	0	1.96849	1	0	-1	1
433	Ds*(1968)plu	0	1.96849	3	0	1	-1
-433	Ds*(1968)min	0	1.96849	3	0	-1	1
9000217	rho3(1990)plu	0	1.982	7	0	1	0
-9000217	rho3(1990)min	0	1.982	7	0	-1	0
9000117	rho3(1990)zer	0	1.982	7	0	0	0
423	D*(2007)zer	0	2.00697	3	0	0	0
-423	D*(2007)zrb	0	2.00697	3	0	0	0
413	D*(2010)plu	0	2.01027	3	0	1	0
-413	D*(2010)min	0	2.01027	3	0	-1	0
100335	f2(2010)zer	0	2.011	5	0	0	0
219	a4(2040)plu	0	2.014	9	0	1	0
-219	a4(2040)min	0	2.014	9	0	-1	0
119	a4(2040)zer	0	2.014	9	0	0	0
229	f4(2050)zer	0	2.018	9	0	0	0
43314	Xi(2030)min	0	2.025	6	1	-1	-2
-43314	Xi(2030)mnb	0	2.025	6	-1	1	2
43324	Xi(2030)zer	0	2.025	6	1	0	-2
-43324	Xi(2030)zrb	0	2.025	6	-1	0	2
3228	Sg(2030)plu	0	2.03	4	1	1	-1
3118	Sg(2030)min	0	2.03	4	1	-1	-1
3218	Sg(2030)zer	0	2.03	4	1	0	-1
-3228	Sg(2030)plb	0	2.03	4	-1	-1	1
-3118	Sg(2030)mnb	0	2.03	4	-1	1	1
-3218	Sg(2030)zrb	0	2.03	4	-1	0	1
329	K4*(2045)plu	0	2.045	9	0	1	1
-329	K4*(2045)min	0	2.045	9	0	-1	-1
319	K4*(2045)zer	0	2.045	9	0	0	1
-319	K4*(2045)zrb	0	2.045	9	0	0	-1
3128	Lm(2100)zer	0	2.1	4	1	0	-1
-3128	Lm(2100)zrb	0	2.1	4	-1	0	1
23126	Lm(2110)zer	0	2.11	4	1	0	-1
-23126	Lm(2110)zrb	0	2.11	4	-1	0	1
2128	Ns(2190)plu	0	2.19	8	1	1	0
1218	Ns(2190)zer	0	2.19	8	1	0	0
-2128	Ns(2190)plb	0	2.19	8	-1	-1	0
-1218	Ns(2190)zrb	0	2.19	8	-1	0	0
91	Ns(2220)plu	0	2.22	6	1	1	0
92	Ns(2220)zer	0	2.22	6	1	0	0
-91	Ns(2220)plb	0	2.22	6	-1	-1	0
-92	Ns(2220)zrb	0	2.22	6	-1	0	0
93	Ns(2250)plu	0	2.25	10	1	1	0
94	Ns(2250)zer	0	2.25	10	1	0	0
-93	Ns(2250)plb	0	2.25	10	-1	-1	0
-94	Ns(2250)zrb	0	2.25	10	-1	0	0
4028	Sg(2250)plu	0	2.25	4	1	1	-1
4128	Sg(2250)min	0	2.25	4	1	-1	-1
4228	Sg(2250)zer	0	2.25	4	1	0	-1
-4028	Sg(2250)plb	0	2.25	4	-1	-1	1
-4128	Sg(2250)mnb	0	2.25	4	-1	1	1
-4228	Sg(2250)zrb	0	2.25	4	-1	0	1
9060225	f2(2300)zer	0	2.297	5	0	0	0
9010327	K3(2320)plu	0	2.324	7	0	1	1
-9010327	K3(2320)min	0	2.324	7	0	-1	-1
9010317	K3(2320)zer	0	2.324	7	0	0	1
-9010317	K3(2320)zrb	0	2.324	7	0	0	-1
9070225	f2(2340)zer	0	2.339	5	0	0	0
911	Lm(2350)zer	0	2.35	4	1	0	-1
-911	Lm(2350)zrb	0	2.35	4	-1	0	1
10411	D0*(2400)plu	0	2.4	1	0	1	0
-10411	D0*(2400)min	0	2.4	1	0	-1	0
97	Dl(2420)plp	0	2.42	12	1	2	0
98	Dl(2420)plu	0	2.42	12	1	1	0
99	Dl(2420)zer	0	2.42	12	1	0	0
910	Dl(2420)min	0	2.42	12	1	-1	0
-97	Dl(2420)ppb	0	2.42	12	-1	-2	0
-98	Dl(2420)plb	0	2.42	12	-1	-1	0
-99	Dl(2420)zrb	0	2.42	12	-1	0	0
-910	Dl(2420)mnb	0	2.42	12	-1	1	0
10413	D1(2420)plu	0	2.4223	3	0	1	0
-10413	D1(2420)min	0	2.4223	3	0	-1	0
10423	D1(2420)zer	0	2.4223	3	0	0	0
-10423	D1(2420)zrb	0	2.4223	3	0	0	0
20423	D1(2430)zer	0	2.43	1	0	0	0
-20423	D1(2430)zrb	0	2.43	1	0	0	0
9000329	K4(2500)plu	0	2.45	9	0	1	1
-9000329	K4(2500)min	0	2.45	9	0	-1	-1
9000319	K4(2500)zer	0	2.45	9	0	0	1
-9000319	K4(2500)zrb	0	2.45	9	0	0	-1
415	D2*(2460)plu	0	2.4611	5	0	1	0
-415	D2*(2460)min	0	2.4611	5	0	-1	0
425	D2*(2460)zer	0	2.4611	5	0	0	0
-425	D2*(2460)zrb	0	2.4611	5	0	0	0
95	Ns(2600)plu	0	2.6	12	1	1	0
96	Ns(2600)zer	0	2.6	12	1	0	0
-95	Ns(2600)plb	0	2.6	12	-1	-1	0
-96	Ns(2600)zrb	0	2.6	12	-1	0	0
