530
111               pi0                       1       0.13498        1       0       0       0
211               pi-b                      1       0.13957        1       0       1       0
-211              pi-                       1       0.13957        1       0       -1      0
9000221           f0(600)                   0       0.484          1       0       0       0
321               K+                        1       0.49368        1       0       1       1
-321              K+b                       1       0.49368        1       0       -1      -1
311               K0                        1       0.49767        1       0       0       1
130               K0L                       0       0.49767        1       0       0       0
310               K0S                       0       0.49767        1       0       0       0
-311              K0b                       1       0.49767        1       0       0       -1
221               eta                       1       0.5473         1       0       0       0
9000321           K0*(800)+                 0       0.67           1       0       1       1
9000311           K0*(800)0                 0       0.67           1       0       0       1
-9000321          K0*(800)+b                0       0.67           1       0       -1      -1
-9000311          K0*(800)0b                0       0.67           1       0       0       -1
113               rho0                      0       0.7711         3       0       0       0
213               rho+                      0       0.7711         3       0       1       0
-213              rho+b                     0       0.7711         3       0       -1      0
223               omega(782)                0       0.78257        3       0       0       0
323               K*(892)+                  0       0.89166        3       0       1       1
-323              K*(892)+b                 0       0.89166        3       0       -1      -1
313               K*(892)0                  0       0.8961         3       0       0       1
-313              K*(892)0b                 0       0.8961         3       0       0       -1
2212              p                         1       0.93827        2       1       1       0
-2212             pb                        1       0.93827        2       -1      -1      0
2112              n                         1       0.93956        2       1       0       0
-2112             nb                        1       0.93956        2       -1      0       0
331               eta'(958)                 0       0.95778        1       0       0       0
9010221           f0(980)                   0       0.98           1       0       0       0
9000211           a0(980)+                  0       0.9847         1       0       1       0
9000111           a0(980)0                  0       0.9847         1       0       0       0
-9000211          a0(980)+b                 0       0.9847         1       0       -1      0
333               phi(1020)                 0       1.01946        3       0       0       0
3122              Lambda                    1       1.11568        2       1       0       -1
-3122             Lambdab                   1       1.11568        2       -1      0       1
10223             h1(1170)                  0       1.17           3       0       0       0
3222              Sigma+                    1       1.18937        2       1       1       -1
-3222             Sigma+b                   1       1.18937        2       -1      -1      1
3212              Sigma0                    1       1.19264        2       1       0       -1
-3212             Sigma0b                   1       1.19264        2       -1      0       1
3112              Sigma-                    1       1.19745        2       1       -1      -1
-3112             Sigma-b                   1       1.19745        2       -1      1       1
10113             b1(1235)0                 0       1.2295         3       0       0       0
10213             b1(1235)+                 0       1.2295         3       0       1       0
-10213            b1(1235)+b                0       1.2295         3       0       -1      0
20213             a1(1260)+                 0       1.23           3       0       1       0
20113             a1(1260)0                 0       1.23           3       0       0       0
-20213            a1(1260)+b                0       1.23           3       0       -1      0
1114              Delta(1232)-              0       1.232          4       1       -1      0
2214              Delta(1232)+              0       1.232          4       1       1       0
2114              Delta(1232)0              0       1.232          4       1       0       0
2224              Delta(1232)++             0       1.232          4       1       2       0
-2224             Delta(1232)++b            0       1.232          4       -1      -2      0
-2214             Delta(1232)+b             0       1.232          4       -1      -1      0
-2114             Delta(1232)0b             0       1.232          4       -1      0       0
-1114             Delta(1232)-b             0       1.232          4       -1      1       0
10313             K1(1270)0                 0       1.273          3       0       0       1
10323             K1(1270)+                 0       1.273          3       0       1       1
-10323            K1(1270)+b                0       1.273          3       0       -1      -1
-10313            K1(1270)0b                0       1.273          3       0       0       -1
225               f2(1270)                  0       1.2754         5       0       0       0
20223             f1(1285)                  0       1.2819         3       0       0       0
100221            eta(1295)                 0       1.293          1       0       0       0
100211            pi(1300)+                 0       1.3            1       0       1       0
100111            pi(1300)0                 0       1.3            1       0       0       0
-100211           pi(1300)+b                0       1.3            1       0       -1      0
3322              Ksi0                      1       1.31483        2       1       0       -2
-3322             Ksi0b                     1       1.31483        2       -1      0       2
115               a2(1320)0                 0       1.318          5       0       0       0
215               a2(1320)+                 0       1.318          5       0       1       0
-215              a2(1320)+b                0       1.318          5       0       -1      0
3312              Ksi-                      1       1.32131        2       1       -1      -2
-3312             Ksi-b                     1       1.32131        2       -1      1       2
10221             f0(1370)                  0       1.35           1       0       0       0
9000213           pi1(1400)+                0       1.351          3       0       1       0
9000113           pi1(1400)0                0       1.351          3       0       0       0
-9000213          pi1(1400)+b               0       1.351          3       0       -1      0
3224              Sigma(1385)+              0       1.3828         4       1       1       -1
-3224             Sigma(1385)+b             0       1.3828         4       -1      -1      1
3214              Sigma(1385)0              0       1.3837         4       1       0       -1
-3214             Sigma(1385)0b             0       1.3837         4       -1      0       1
10333             h1(1380)                  0       1.386          3       0       0       0
3114              Sigma(1385)-              0       1.3872         4       1       -1      -1
-3114             Sigma(1385)-b             0       1.3872         4       -1      1       1
20323             K1(1400)+                 0       1.402          3       0       1       1
20313             K1(1400)0                 0       1.402          3       0       0       1
-20323            K1(1400)+b                0       1.402          3       0       -1      -1
-20313            K1(1400)0b                0       1.402          3       0       0       -1
13122             Lambda(1405)              0       1.406          2       1       0       -1
-13122            Lambda(1405)b             0       1.406          2       -1      0       1
10321             K0*(1430)+                0       1.412          1       0       1       1
10311             K0*(1430)0                0       1.412          1       0       0       1
-10321            K0*(1430)+b               0       1.412          1       0       -1      -1
-10311            K0*(1430)0b               0       1.412          1       0       0       -1
100323            K*(1410)+                 0       1.414          3       0       1       1
100313            K*(1410)0                 0       1.414          3       0       0       1
-100323           K*(1410)+b                0       1.414          3       0       -1      -1
-100313           K*(1410)0b                0       1.414          3       0       0       -1
100223            omega(1420)               0       1.419          3       0       0       0
325               K2*(1430)+                0       1.4256         5       0       1       1
-325              K2*(1430)+b               0       1.4256         5       0       -1      -1
20333             f1(1420)                  0       1.4263         3       0       0       0
315               K2*(1430)0                0       1.4324         5       0       0       1
-315              K2*(1430)0b               0       1.4324         5       0       0       -1
100331            eta(1440)                 0       1.435          1       0       0       0
12112             N(1440)0                  0       1.44           2       1       0       0
12212             N(1440)+                  0       1.44           2       1       1       0
-12212            N(1440)+b                 0       1.44           2       -1      -1      0
-12112            N(1440)0b                 0       1.44           2       -1      0       0
9000225           f2(1430)                  0       1.453          5       0       0       0
9000315           K2(1580)0                 0       1.46           5       0       0       1
9000325           K2(1580)+                 0       1.46           5       0       1       1
-9000325          K2(1580)+b                0       1.46           5       0       -1      -1
-9000315          K2(1580)0b                0       1.46           5       0       0       -1
100213            rho(1450)+                0       1.465          3       0       1       0
100113            rho(1450)0                0       1.465          3       0       0       0
-100213           rho(1450)+b               0       1.465          3       0       -1      0
10211             a0(1450)+                 0       1.474          1       0       1       0
10111             a0(1450)0                 0       1.474          1       0       0       0
-10211            a0(1450)+b                0       1.474          1       0       -1      0
9020221           f0(1500)                  0       1.507          1       0       0       0
9000223           f1(1510)                  0       1.518          3       0       0       0
3124              Lambda(1520)              0       1.5195         4       1       0       -1
-3124             Lambda(1520)b             0       1.5195         4       -1      0       1
2124              N(1520)+                  0       1.52           4       1       1       0
1214              N(1520)0                  0       1.52           4       1       0       0
-2124             N(1520)+b                 0       1.52           4       -1      -1      0
-1214             N(1520)0b                 0       1.52           4       -1      0       0
335               f2'(1525)                 0       1.525          5       0       0       0
3324              Ksi(1530)0                0       1.5318         4       1       0       -2
-3324             Ksi(1530)0b               0       1.5318         4       -1      0       2
3314              Ksi(1530)-                0       1.535          4       1       -1      -2
22212             N(1535)+                  0       1.535          2       1       1       0
22112             N(1535)0                  0       1.535          2       1       0       0
-3314             Ksi(1530)-b               0       1.535          4       -1      1       2
-22212            N(1535)+b                 0       1.535          2       -1      -1      0
-22112            N(1535)0b                 0       1.535          2       -1      0       0
31114             Delta(1600)-              0       1.6            4       1       -1      0
32214             Delta(1600)+              0       1.6            4       1       1       0
32114             Delta(1600)0              0       1.6            4       1       0       0
23122             Lambda(1600)              0       1.6            2       1       0       -1
32224             Delta(1600)++             0       1.6            4       1       2       0
-32224            Delta(1600)++b            0       1.6            4       -1      -2      0
-32214            Delta(1600)+b             0       1.6            4       -1      -1      0
-32114            Delta(1600)0b             0       1.6            4       -1      0       0
-31114            Delta(1600)-b             0       1.6            4       -1      1       0
-23122            Lambda(1600)b             0       1.6            2       -1      0       1
10225             eta2(1645)                0       1.617          5       0       0       0
2222              Delta(1620)++             0       1.62           2       1       2       0
2122              Delta(1620)+              0       1.62           2       1       1       0
1212              Delta(1620)0              0       1.62           2       1       0       0
1112              Delta(1620)-              0       1.62           2       1       -1      0
-2222             Delta(1620)++b            0       1.62           2       -1      -2      0
-2122             Delta(1620)+b             0       1.62           2       -1      -1      0
-1212             Delta(1620)0b             0       1.62           2       -1      0       0
-1112             Delta(1620)-b             0       1.62           2       -1      1       0
9020225           f2(1640)                  0       1.639          5       0       0       0
9020213           a1(1640)+                 0       1.647          3       0       1       0
9020113           a1(1640)0                 0       1.647          3       0       0       0
-9020213          a1(1640)+b                0       1.647          3       0       -1      0
30223             omega(1650)               0       1.649          3       0       0       0
32212             N(1650)+                  0       1.65           2       1       1       0
32112             N(1650)0                  0       1.65           2       1       0       0
9000323           K1(1650)+                 0       1.65           3       0       1       1
9000313           K1(1650)0                 0       1.65           3       0       0       1
-9000323          K1(1650)+b                0       1.65           3       0       -1      -1
-9000313          K1(1650)0b                0       1.65           3       0       0       -1
-32212            N(1650)+b                 0       1.65           2       -1      -1      0
-32112            N(1650)0b                 0       1.65           2       -1      0       0
13222             Sigma(1660)+              0       1.66           2       1       1       -1
13212             Sigma(1660)0              0       1.66           2       1       0       -1
13112             Sigma(1660)-              0       1.66           2       1       -1      -1
-13222            Sigma(1660)+b             0       1.66           2       -1      -1      1
-13212            Sigma(1660)0b             0       1.66           2       -1      0       1
-13112            Sigma(1660)-b             0       1.66           2       -1      1       1
9010213           pi1(1600)+                0       1.662          3       0       1       0
9010113           pi1(1600)0                0       1.662          3       0       0       0
-9010213          pi1(1600)+b               0       1.662          3       0       -1      0
227               omega3(1670)              0       1.667          7       0       0       0
13114             Sigma(1670)-              0       1.67           4       1       -1      -1
13224             Sigma(1670)+              0       1.67           4       1       1       -1
13214             Sigma(1670)0              0       1.67           4       1       0       -1
33122             Lambda(1670)              0       1.67           2       1       0       -1
10115             pi2(1670)0                0       1.67           5       0       0       0
10215             pi2(1670)+                0       1.67           5       0       1       0
-33122            Lambda(1670)b             0       1.67           2       -1      0       1
-13224            Sigma(1670)+b             0       1.67           4       -1      -1      1
-13214            Sigma(1670)0b             0       1.67           4       -1      0       1
-13114            Sigma(1670)-b             0       1.67           4       -1      1       1
-10215            pi2(1670)+b               0       1.67           5       0       -1      0
3334              Omega                     1       1.67245        4       1       -1      -3
-3334             Omegab                    1       1.67245        4       -1      1       3
2116              N(1675)0                  0       1.675          6       1       0       0
2216              N(1675)+                  0       1.675          6       1       1       0
-2216             N(1675)+b                 0       1.675          6       -1      -1      0
-2116             N(1675)0b                 0       1.675          6       -1      0       0
12116             N(1680)0                  0       1.68           6       1       0       0
12216             N(1680)+                  0       1.68           6       1       1       0
100333            phi(1680)                 0       1.68           3       0       0       0
-12216            N(1680)+b                 0       1.68           6       -1      -1      0
-12116            N(1680)0b                 0       1.68           6       -1      0       0
23324             Ksi(1690)0                0       1.69           4       1       0       -2
23314             Ksi(1690)-                0       1.69           4       1       -1      -2
13124             Lambda(1690)              0       1.69           4       1       0       -1
-23324            Ksi(1690)0b               0       1.69           4       -1      0       2
-23314            Ksi(1690)-b               0       1.69           4       -1      1       2
-13124            Lambda(1690)b             0       1.69           4       -1      0       1
217               rho3(1690)+               0       1.691          7       0       1       0
117               rho3(1690)0               0       1.691          7       0       0       0
-217              rho3(1690)+b              0       1.691          7       0       -1      0
22124             N(1700)+                  0       1.7            4       1       1       0
12224             Delta(1700)++             0       1.7            4       1       2       0
30113             rho(1700)0                0       1.7            3       0       0       0
30213             rho(1700)+                0       1.7            3       0       1       0
12214             Delta(1700)+              0       1.7            4       1       1       0
12114             Delta(1700)0              0       1.7            4       1       0       0
11114             Delta(1700)-              0       1.7            4       1       -1      0
21214             N(1700)0                  0       1.7            4       1       0       0
-30213            rho(1700)+b               0       1.7            3       0       -1      0
-22124            N(1700)+b                 0       1.7            4       -1      -1      0
-21214            N(1700)0b                 0       1.7            4       -1      0       0
-12224            Delta(1700)++b            0       1.7            4       -1      -2      0
-12214            Delta(1700)+b             0       1.7            4       -1      -1      0
-12114            Delta(1700)0b             0       1.7            4       -1      0       0
-11114            Delta(1700)-b             0       1.7            4       -1      1       0
42212             N(1710)+                  0       1.71           2       1       1       0
42112             N(1710)0                  0       1.71           2       1       0       0
-42212            N(1710)+b                 0       1.71           2       -1      -1      0
-42112            N(1710)0b                 0       1.71           2       -1      0       0
10331             f0(1710)                  0       1.713          1       0       0       0
30313             K*(1680)0                 0       1.717          3       0       0       1
30323             K*(1680)+                 0       1.717          3       0       1       1
-30323            K*(1680)+b                0       1.717          3       0       -1      -1
-30313            K*(1680)0b                0       1.717          3       0       0       -1
31214             N(1720)0                  0       1.72           4       1       0       0
32124             N(1720)+                  0       1.72           4       1       1       0
-32124            N(1720)+b                 0       1.72           4       -1      -1      0
-31214            N(1720)0b                 0       1.72           4       -1      0       0
9000115           a2(1700)0                 0       1.732          5       0       0       0
9000215           a2(1700)+                 0       1.732          5       0       1       0
-9000215          a2(1700)+b                0       1.732          5       0       -1      0
23112             Sigma(1750)-              0       1.75           2       1       -1      -1
23222             Sigma(1750)+              0       1.75           2       1       1       -1
23212             Sigma(1750)0              0       1.75           2       1       0       -1
-23222            Sigma(1750)+b             0       1.75           2       -1      -1      1
-23212            Sigma(1750)0b             0       1.75           2       -1      0       1
-23112            Sigma(1750)-b             0       1.75           2       -1      1       1
9040221           eta(1760)                 0       1.756          1       0       0       0
10315             K2(1770)0                 0       1.773          5       0       0       1
10325             K2(1770)+                 0       1.773          5       0       1       1
-10325            K2(1770)+b                0       1.773          5       0       -1      -1
-10315            K2(1770)0b                0       1.773          5       0       0       -1
3226              Sigma(1775)+              0       1.775          6       1       1       -1
3216              Sigma(1775)0              0       1.775          6       1       0       -1
3116              Sigma(1775)-              0       1.775          6       1       -1      -1
-3226             Sigma(1775)+b             0       1.775          6       -1      -1      1
-3216             Sigma(1775)0b             0       1.775          6       -1      0       1
-3116             Sigma(1775)-b             0       1.775          6       -1      1       1
317               K3*(1780)0                0       1.776          7       0       0       1
327               K3*(1780)+                0       1.776          7       0       1       1
-327              K3*(1780)+b               0       1.776          7       0       -1      -1
-317              K3*(1780)0b               0       1.776          7       0       0       -1
43122             Lambda(1800)              0       1.8            2       1       0       -1
-43122            Lambda(1800)b             0       1.8            2       -1      0       1
200211            pi(1800)+                 0       1.801          1       0       1       0
200111            pi(1800)0                 0       1.801          1       0       0       0
-200211           pi(1800)+b                0       1.801          1       0       -1      0
53122             Lambda(1810)              0       1.81           2       1       0       -1
-53122            Lambda(1810)b             0       1.81           2       -1      0       1
9030225           f2(1810)                  0       1.815          5       0       0       0
20325             K2(1820)+                 0       1.816          5       0       1       1
20315             K2(1820)0                 0       1.816          5       0       0       1
-20325            K2(1820)+b                0       1.816          5       0       -1      -1
-20315            K2(1820)0b                0       1.816          5       0       0       -1
3126              Lambda(1820)              0       1.82           6       1       0       -1
-3126             Lambda(1820)b             0       1.82           6       -1      0       1
13314             Ksi(1820)-                0       1.823          4       1       -1      -2
13324             Ksi(1820)0                0       1.823          4       1       0       -2
-13324            Ksi(1820)0b               0       1.823          4       -1      0       2
-13314            Ksi(1820)-b               0       1.823          4       -1      1       2
13126             Lambda(1830)              0       1.83           6       1       0       -1
-13126            Lambda(1830)b             0       1.83           6       -1      0       1
337               phi3(1850)                0       1.854          7       0       0       0
421               D0                        0       1.86484        1       0       0       0
411               D+                        0       1.86962        1       0       1       0
-411              D+b                       0       1.86962        1       0       -1      0
1000010020        Deuteron                  0       1.87561        3       2       1       0
-1000010020       Deuteronb                 0       1.87561        3       -2      -1      0
23124             Lambda(1890)              0       1.89           4       1       0       -1
-23124            Lambda(1890)b             0       1.89           4       -1      0       1
9040225           f2(1910)                  0       1.903          5       0       0       0
1116              Delta(1905)-              0       1.905          6       1       -1      0
1216              Delta(1905)0              0       1.905          6       1       0       0
2126              Delta(1905)+              0       1.905          6       1       1       0
2226              Delta(1905)++             0       1.905          6       1       2       0
-2226             Delta(1905)++b            0       1.905          6       -1      -2      0
-2126             Delta(1905)+b             0       1.905          6       -1      -1      0
-1216             Delta(1905)0b             0       1.905          6       -1      0       0
-1116             Delta(1905)-b             0       1.905          6       -1      1       0
22122             Delta(1910)+              0       1.91           2       1       1       0
22222             Delta(1910)++             0       1.91           2       1       2       0
21112             Delta(1910)-              0       1.91           2       1       -1      0
21212             Delta(1910)0              0       1.91           2       1       0       0
-22222            Delta(1910)++b            0       1.91           2       -1      -2      0
-22122            Delta(1910)+b             0       1.91           2       -1      -1      0
-21212            Delta(1910)0b             0       1.91           2       -1      0       0
-21112            Delta(1910)-b             0       1.91           2       -1      1       0
13216             Sigma(1915)0              0       1.915          6       1       0       -1
13116             Sigma(1915)-              0       1.915          6       1       -1      -1
13226             Sigma(1915)+              0       1.915          6       1       1       -1
-13226            Sigma(1915)+b             0       1.915          6       -1      -1      1
-13216            Sigma(1915)0b             0       1.915          6       -1      0       1
-13116            Sigma(1915)-b             0       1.915          6       -1      1       1
22114             Delta(1920)0              0       1.92           4       1       0       0
22214             Delta(1920)+              0       1.92           4       1       1       0
22224             Delta(1920)++             0       1.92           4       1       2       0
21114             Delta(1920)-              0       1.92           4       1       -1      0
-22224            Delta(1920)++b            0       1.92           4       -1      -2      0
-22214            Delta(1920)+b             0       1.92           4       -1      -1      0
-22114            Delta(1920)0b             0       1.92           4       -1      0       0
-21114            Delta(1920)-b             0       1.92           4       -1      1       0
12126             Delta(1930)+              0       1.93           6       1       1       0
11116             Delta(1930)-              0       1.93           6       1       -1      0
11216             Delta(1930)0              0       1.93           6       1       0       0
12226             Delta(1930)++             0       1.93           6       1       2       0
-12226            Delta(1930)++b            0       1.93           6       -1      -2      0
-12126            Delta(1930)+b             0       1.93           6       -1      -1      0
-11216            Delta(1930)0b             0       1.93           6       -1      0       0
-11116            Delta(1930)-b             0       1.93           6       -1      1       0
23214             Sigma(1940)0              0       1.94           4       1       0       -1
23114             Sigma(1940)-              0       1.94           4       1       -1      -1
23224             Sigma(1940)+              0       1.94           4       1       1       -1
-23224            Sigma(1940)+b             0       1.94           4       -1      -1      1
-23214            Sigma(1940)0b             0       1.94           4       -1      0       1
-23114            Sigma(1940)-b             0       1.94           4       -1      1       1
2118              Delta(1950)0              0       1.95           8       1       0       0
2218              Delta(1950)+              0       1.95           8       1       1       0
2228              Delta(1950)++             0       1.95           8       1       2       0
33324             Ksi(1950)0                0       1.95           4       1       0       -2
1118              Delta(1950)-              0       1.95           8       1       -1      0
33314             Ksi(1950)-                0       1.95           4       1       -1      -2
-33324            Ksi(1950)0b               0       1.95           4       -1      0       2
-33314            Ksi(1950)-b               0       1.95           4       -1      1       2
-2228             Delta(1950)++b            0       1.95           8       -1      -2      0
-2218             Delta(1950)+b             0       1.95           8       -1      -1      0
-2118             Delta(1950)0b             0       1.95           8       -1      0       0
-1118             Delta(1950)-b             0       1.95           8       -1      1       0
431               Ds+                       0       1.96849        1       0       1       -1
433               Ds*+                      0       1.96849        3       0       1       -1
-433              Ds*+b                     0       1.96849        3       0       -1      1
-431              Ds+b                      0       1.96849        1       0       -1      1
9000217           rho3(1990)+               0       1.982          7       0       1       0
9000117           rho3(1990)0               0       1.982          7       0       0       0
-9000217          rho3(1990)+b              0       1.982          7       0       -1      0
9050221           f0(2020)                  0       1.992          1       0       0       0
423               D*(2007)0                 0       2.00697        3       0       0       0
413               D*(2010)+                 0       2.01027        3       0       1       0
-413              D*(2010)+b                0       2.01027        3       0       -1      0
219               a4(2040)+                 0       2.011          9       0       1       0
100335            f2(2010)                  0       2.011          5       0       0       0
119               a4(2040)0                 0       2.011          9       0       0       0
-219              a4(2040)+b                0       2.011          9       0       -1      0
43324             Ksi(2030)0                0       2.025          6       1       0       -2
43314             Ksi(2030)-                0       2.025          6       1       -1      -2
229               f4(2050)                  0       2.025          9       0       0       0
-43324            Ksi(2030)0b               0       2.025          6       -1      0       2
-43314            Ksi(2030)-b               0       2.025          6       -1      1       2
3228              Sigma(2030)+              0       2.03           8       1       1       -1
3218              Sigma(2030)0              0       2.03           8       1       0       -1
3118              Sigma(2030)-              0       2.03           8       1       -1      -1
-3228             Sigma(2030)+b             0       2.03           8       -1      -1      1
-3218             Sigma(2030)0b             0       2.03           8       -1      0       1
-3118             Sigma(2030)-b             0       2.03           8       -1      1       1
329               K4*(2045)+                0       2.045          9       0       1       1
319               K4*(2045)0                0       2.045          9       0       0       1
-329              K4*(2045)+b               0       2.045          9       0       -1      -1
-319              K4*(2045)0b               0       2.045          9       0       0       -1
1010000020        LambdaNeutron             0       2.057          3       2       0       -1
-1010000020       LambdaNeutronb            0       2.057          3       -2      0       1
3128              Lambda(2100)              0       2.1            8       1       0       -1
-3128             Lambda(2100)b             0       2.1            8       -1      0       1
23126             Lambda(2110)              0       2.11           6       1       0       -1
-23126            Lambda(2110)b             0       2.11           6       -1      0       1
2128              N(2190)+                  0       2.19           8       1       1       0
1218              N(2190)0                  0       2.19           8       1       0       0
-2128             N(2190)+b                 0       2.19           8       -1      -1      0
-1218             N(2190)0b                 0       2.19           8       -1      0       0
91                N(2220)+                  0       2.22           10      1       1       0
92                N(2220)0                  0       2.22           10      1       0       0
-92               N(2220)0b                 0       2.22           10      -1      0       0
-91               N(2220)+b                 0       2.22           10      -1      -1      0
1020000020        DiLambda                  0       2.231          1       2       0       -2
-1020000020       DiLambdab                 0       2.231          1       -2      0       2
94                N(2250)0                  0       2.25           10      1       0       0
93                N(2250)+                  0       2.25           10      1       1       0
-94               N(2250)0b                 0       2.25           10      -1      0       0
-93               N(2250)+b                 0       2.25           10      -1      -1      0
1010010020        LambdaProton              0       2.255          3       2       1       -1
-1010010020       LambdaProtonb             0       2.255          3       -2      -1      1
4122              Lambdac+                  0       2.28646        2       1       1       0
-4122             Lambdac+b                 0       2.28646        2       -1      -1      0
9060225           f2(2300)                  0       2.297          5       0       0       0
10431             Ds0*(2317)+               0       2.3178         1       0       1       -1
-10431            Ds0*(2317)+b              0       2.3178         1       0       -1      1
9010317           K3(2320)0                 0       2.324          7       0       0       1
9010327           K3(2320)+                 0       2.324          7       0       1       1
-9010327          K3(2320)+b                0       2.324          7       0       -1      -1
-9010317          K3(2320)0b                0       2.324          7       0       0       -1
9070225           f2(2340)                  0       2.339          5       0       0       0
9090225           f2(2340)                  0       2.34           5       0       0       0
911               Lambda(2350)              0       2.35           10      1       0       -1
-911              Lambda(2350)b             0       2.35           10      -1      0       1
10411             D0*(2400)+                0       2.4            1       0       1       0
-10411            D0*(2400)+b               0       2.4            1       0       -1      0
98                Delta(2420)+              0       2.42           12      1       1       0
99                Delta(2420)0              0       2.42           12      1       0       0
910               Delta(2420)-              0       2.42           12      1       -1      0
97                Delta(2420)++             0       2.42           12      1       2       0
-99               Delta(2420)0b             0       2.42           12      -1      0       0
-98               Delta(2420)+b             0       2.42           12      -1      -1      0
-97               Delta(2420)++b            0       2.42           12      -1      -2      0
-910              Delta(2420)-b             0       2.42           12      -1      1       0
10423             D1(2420)0                 0       2.4223         3       0       0       0
10413             D1(2420)+                 0       2.4234         3       0       1       0
-10413            D1(2420)+b                0       2.4234         3       0       -1      0
20423             D1(2430)0                 0       2.43           3       0       0       0
4212              Sigmac(2455)+             0       2.45292        2       1       1       0
4112              Sigmac(2455)0             0       2.45292        2       1       0       0
-4212             Sigmac(2455)+b            0       2.45292        2       -1      -1      0
-4112             Sigmac(2455)0b            0       2.45292        2       -1      0       0
4222              Sigmac(2455)++            0       2.45402        2       1       2       0
-4222             Sigmac(2455)++b           0       2.45402        2       -1      -2      0
20433             Ds1(2460)+                0       2.4596         3       0       1       -1
-20433            Ds1(2460)+b               0       2.4596         3       0       -1      1
415               D2*(2460)+                0       2.4601         5       0       1       0
-415              D2*(2460)+b               0       2.4601         5       0       -1      0
425               D2*(2460)0                0       2.4611         5       0       0       0
4232              Xic+                      0       2.4679         2       1       1       0
-4232             Xic+b                     0       2.4679         2       -1      -1      0
4132              Xic0                      0       2.471          2       1       0       0
-4132             Xic0b                     0       2.471          2       -1      0       0
9000329           K4(2500)+                 0       2.49           9       0       1       1
9000319           K4(2500)0                 0       2.49           9       0       0       1
-9000329          K4(2500)+b                0       2.49           9       0       -1      -1
-9000319          K4(2500)0b                0       2.49           9       0       0       -1
4214              Sigmac(2520)+             0       2.5175         4       1       1       0
-4214             Sigmac(2520)+b            0       2.5175         4       -1      -1      0
4114              Sigmac(2520)0             0       2.518          4       1       0       0
-4114             Sigmac(2520)0b            0       2.518          4       -1      0       0
4224              Sigmac(2520)++            0       2.5184         4       1       2       0
-4224             Sigmac(2520)++b           0       2.5184         4       -1      -2      0
10433             Ds1(2536)+                0       2.5354         3       0       1       -1
-10433            Ds1(2536)+b               0       2.5354         3       0       -1      1
435               Ds2(2573)+                0       2.5726         5       0       1       -1
-435              Ds2(2573)+b               0       2.5726         5       0       -1      1
4322              Xic'+                     0       2.5757         2       1       1       0
-4322             Xic'+b                    0       2.5757         2       -1      -1      0
4312              Xic'0                     0       2.578          2       1       0       0
-4312             Xic'0b                    0       2.578          2       -1      0       0
14122             Lambdac(2595)+            0       2.5954         2       1       1       0
-14122            Lambdac(2595)+b           0       2.5954         2       -1      -1      0
96                N(2600)0                  0       2.6            12      1       0       0
95                N(2600)+                  0       2.6            12      1       1       0
-96               N(2600)0b                 0       2.6            12      -1      0       0
-95               N(2600)+b                 0       2.6            12      -1      -1      0
4314              Xic(2645)0                0       2.6461         4       1       0       0
-4314             Xic(2645)0b               0       2.6461         4       -1      0       0
4324              Xic(2645)+                0       2.6466         4       1       1       0
-4324             Xic(2645)+b               0       2.6466         4       -1      -1      0
4332              Omegac0                   0       2.6975         2       1       0       2
-4332             Omegac0b                  0       2.6975         2       -1      0       -2
1000020030        HE3                       0       2.80839        2       3       2       0
-1000020030       HE3b                      0       2.80839        2       -3      -2      0
1000010030        Triton                    0       2.80892        2       3       1       0
-1000010030       Tritonb                   0       2.80892        2       -3      -1      0
441               etac(1S)0                 0       2.9803         1       0       0       0
1010010030        HyperTriton               0       2.99114        2       3       1       -1
-1010010030       HyperTritonb              0       2.99114        2       -3      -1      1
443               J/psi(1S)0                0       3.09692        3       0       0       0
10441             chic0(1P)0                0       3.41475        1       0       0       0
20443             chic1(1P)0                0       3.51066        3       0       0       0
4422              Xicc++                    0       3.5189         2       1       2       0
4412              Xi(cc)+                   0       3.5189         2       1       1       0
-4422             Xicc++b                   0       3.5189         2       -1      -2      0
-4412             Xi(cc)+b                  0       3.5189         2       -1      -1      0
445               chic2(1P)0                0       3.5562         5       0       0       0
100441            etac(2S)0                 0       3.637          1       0       0       0
100443            psi(2S)0                  0       3.68609        3       0       0       0
1000020040        Alpha                     0       3.72738        1       4       2       0
-1000020040       Alphab                    0       3.72738        1       -4      -2      0
1010020040        HyperHelium               0       3.92119        1       4       2       -1
-1010020040       HyperHeliumb              0       3.92119        1       -4      -2      1
1010010040        HyperHydrogen             0       3.9225         1       4       1       -1
-1010010040       HyperHydrogenb            0       3.9225         1       -4      -1      1
100445            chic2(2P)0                0       3.929          5       0       0       0
9000443           psi(4040)0                0       4.039          3       0       0       0
9010443           psi(4160)0                0       4.153          3       0       0       0
9020443           psi(4415)0                0       4.421          3       0       0       0
1010020050        HyperHelium5              0       4.8399         2       5       2       -1
-1010020050       HyperHelium5b             0       4.8399         2       -5      -2      1
521               B+                        0       5.27915        1       0       1       0
-521              B+b                       0       5.27915        1       0       -1      0
513               B*0                       0       5.27953        3       0       0       0
523               B*+                       0       5.27953        3       0       1       0
511               B0                        0       5.27953        1       0       0       0
-523              B*+b                      0       5.27953        3       0       -1      0
531               Bs0                       0       5.3663         1       0       0       -1
533               Bs*0                      0       5.3663         3       0       0       -1
-533              Bs*0b                     0       5.3663         3       0       0       1
-531              Bs0b                      0       5.3663         1       0       0       1
5122              Lambdab0                  0       5.6202         2       1       0       0
-5122             Lambdab0b                 0       5.6202         2       -1      0       0
5232              Xib-                      0       5.7924         2       1       -1      -1
5132              Xib0                      0       5.7924         2       1       0       -1
-5232             Xib-b                     0       5.7924         2       -1      1       1
-5132             Xib0b                     0       5.7924         2       -1      0       1
541               Bc+                       0       6.276          1       0       1       0
-541              Bc+b                      0       6.276          1       0       -1      0
553               Upsilon(1S)0              0       9.4603         3       0       0       0
10551             chib0(1P)0                0       9.8594         1       0       0       0
20553             chib1(1P)0                0       9.8928         3       0       0       0
555               chib2(1P)0                0       9.9122         5       0       0       0
100553            Upsilon(2S)0              0       10.0233        3       0       0       0
110551            chib0(2P)0                0       10.2325        1       0       0       0
120553            chib1(2P)0                0       10.2555        3       0       0       0
100555            chib2(2P)0                0       10.2686        5       0       0       0
200553            Upsilon(3S)0              0       10.3552        3       0       0       0
300553            Upsilon(4S)0              0       10.5794        3       0       0       0
9000553           Upsilon(10860)0           0       10.865         3       0       0       0
9010553           Upsilon(11020)0           0       11.019         3       0       0       0

//pdgid           name                      stable  mass[GeV]      g       B       Q       S
//THe first line is the number of entries
//Taken from THERMUS3 (PDG 2014)